-1 	22 	71 	94 	72 	37 	15 	45 	65 	88 	61 	52 	64 	41 	29 	28 	83 	88 	23 	96 	105 	30 	53 	69 	39 	16 	24 	15 	78 	20 	61 	45 	16 	33 	29 	72 	51 	70 	26 	86 	59 	37 	62 	34 	60 	31 	38 	38 	74 	88 	77 	60 	31 	93 	59 	59 	23 	57 	39 	92 	13 	70 	99 	13 	86 	83 	81 	32 	69 	64 	26 	11 	45 	79 	86 	60 	28 	76 	67 	19 	40 	94 	72 	65 	63 	22 	59 	56 	48 	57 	28 	55 	62 	6 	28 	48 	41 	10 	10 	41 	
22 	-1 	51 	75 	66 	53 	18 	32 	44 	79 	69 	32 	63 	44 	14 	48 	71 	89 	16 	78 	86 	49 	38 	60 	25 	36 	17 	37 	62 	34 	44 	53 	10 	24 	48 	68 	31 	64 	16 	77 	41 	16 	69 	35 	50 	16 	16 	18 	62 	84 	76 	38 	23 	75 	48 	56 	37 	60 	36 	73 	19 	58 	80 	11 	73 	81 	74 	47 	54 	50 	24 	32 	57 	72 	76 	39 	48 	59 	70 	34 	59 	94 	68 	70 	46 	43 	38 	56 	28 	49 	48 	56 	61 	26 	29 	28 	46 	12 	28 	62 	
71 	51 	-1 	25 	57 	90 	68 	63 	9 	57 	89 	19 	65 	65 	43 	91 	43 	89 	64 	32 	36 	92 	28 	49 	37 	83 	50 	86 	25 	74 	21 	77 	56 	64 	90 	65 	20 	59 	61 	58 	15 	40 	87 	60 	40 	42 	36 	42 	37 	74 	75 	19 	46 	29 	39 	61 	75 	74 	54 	24 	63 	40 	30 	58 	44 	76 	60 	85 	27 	28 	55 	82 	87 	56 	54 	22 	93 	18 	80 	75 	99 	91 	63 	84 	17 	89 	32 	66 	41 	44 	92 	69 	65 	77 	58 	24 	70 	63 	74 	106 	
94 	75 	25 	-1 	59 	107 	92 	88 	34 	51 	99 	43 	72 	80 	65 	111 	37 	90 	88 	12 	11 	111 	44 	52 	57 	104 	71 	108 	23 	93 	35 	91 	78 	89 	109 	68 	44 	63 	86 	53 	35 	65 	96 	76 	49 	63 	61 	67 	37 	73 	78 	44 	66 	11 	48 	69 	94 	84 	70 	3 	84 	43 	5 	81 	37 	77 	59 	102 	32 	36 	74 	105 	102 	55 	50 	46 	113 	20 	88 	95 	117 	90 	66 	93 	31 	109 	55 	76 	66 	54 	112 	79 	72 	100 	76 	47 	84 	86 	95 	126 	
72 	66 	57 	59 	-1 	63 	80 	95 	60 	19 	43 	51 	14 	35 	51 	72 	24 	32 	82 	52 	64 	71 	35 	8 	42 	72 	50 	80 	36 	58 	37 	42 	61 	89 	70 	9 	54 	4 	82 	16 	46 	69 	40 	39 	18 	50 	64 	73 	22 	19 	19 	66 	43 	50 	21 	16 	57 	29 	33 	56 	59 	18 	62 	63 	26 	19 	9 	60 	30 	29 	46 	81 	53 	9 	18 	70 	76 	42 	30 	61 	74 	34 	7 	35 	41 	75 	78 	23 	80 	17 	74 	26 	16 	78 	44 	53 	38 	69 	66 	86 	
37 	53 	90 	107 	63 	-1 	52 	81 	87 	82 	31 	72 	50 	29 	50 	14 	83 	64 	59 	105 	116 	11 	64 	64 	53 	23 	42 	32 	86 	19 	72 	22 	43 	70 	11 	59 	73 	59 	63 	79 	75 	68 	34 	31 	61 	51 	66 	70 	76 	72 	58 	85 	44 	102 	61 	47 	16 	37 	37 	104 	34 	70 	112 	42 	86 	65 	71 	6 	76 	71 	36 	38 	12 	72 	80 	87 	17 	87 	43 	19 	11 	72 	60 	39 	76 	21 	89 	41 	81 	56 	16 	38 	48 	39 	32 	69 	25 	44 	28 	23 	
15 	18 	68 	92 	80 	52 	-1 	30 	61 	94 	74 	50 	74 	52 	31 	42 	87 	99 	9 	96 	103 	45 	55 	75 	41 	30 	30 	26 	79 	34 	62 	59 	19 	19 	43 	81 	48 	78 	13 	93 	58 	30 	76 	44 	66 	32 	32 	29 	78 	97 	87 	53 	37 	93 	64 	68 	37 	69 	47 	91 	23 	74 	97 	17 	90 	93 	88 	47 	71 	67 	34 	19 	59 	86 	92 	53 	41 	76 	79 	33 	54 	105 	81 	78 	63 	36 	50 	66 	37 	64 	42 	66 	72 	14 	38 	45 	54 	11 	24 	54 	
45 	32 	63 	88 	95 	81 	30 	-1 	55 	106 	100 	50 	94 	76 	45 	73 	96 	120 	22 	95 	99 	75 	63 	89 	53 	60 	49 	56 	82 	63 	66 	85 	41 	12 	73 	99 	47 	95 	19 	105 	59 	27 	101 	67 	78 	46 	32 	23 	87 	114 	107 	44 	54 	92 	76 	88 	66 	92 	68 	87 	49 	85 	93 	41 	98 	112 	103 	76 	77 	74 	56 	48 	87 	100 	103 	42 	72 	77 	102 	62 	85 	125 	98 	102 	66 	66 	34 	88 	22 	78 	72 	88 	92 	44 	61 	47 	78 	37 	54 	84 	
65 	44 	9 	34 	60 	87 	61 	55 	-1 	62 	88 	14 	67 	64 	38 	87 	49 	92 	56 	41 	44 	87 	27 	52 	34 	77 	46 	80 	32 	70 	23 	76 	50 	56 	86 	67 	14 	62 	53 	63 	15 	32 	86 	57 	43 	37 	29 	34 	42 	79 	78 	10 	43 	38 	41 	62 	71 	74 	52 	33 	57 	44 	38 	52 	50 	79 	65 	81 	32 	31 	51 	76 	85 	61 	60 	13 	88 	25 	81 	71 	95 	94 	66 	85 	19 	84 	23 	66 	33 	46 	87 	69 	66 	70 	55 	18 	68 	56 	68 	102 	
88 	79 	57 	51 	19 	82 	94 	106 	62 	-1 	61 	58 	32 	54 	64 	91 	15 	41 	95 	41 	54 	90 	43 	19 	54 	90 	65 	98 	32 	76 	41 	60 	75 	101 	88 	24 	61 	22 	94 	3 	50 	79 	57 	56 	29 	63 	74 	83 	21 	22 	32 	71 	58 	41 	31 	34 	75 	47 	50 	48 	75 	21 	53 	78 	14 	28 	12 	79 	31 	33 	62 	98 	72 	10 	3 	74 	94 	39 	46 	79 	92 	39 	23 	52 	44 	93 	84 	41 	88 	31 	93 	44 	34 	94 	60 	60 	57 	84 	83 	104 	
61 	69 	89 	99 	43 	31 	74 	100 	88 	61 	-1 	75 	29 	26 	59 	44 	67 	34 	80 	93 	106 	42 	61 	48 	57 	51 	52 	60 	76 	40 	68 	16 	59 	90 	41 	36 	77 	39 	82 	58 	74 	80 	4 	35 	50 	59 	77 	84 	63 	46 	32 	90 	50 	91 	51 	30 	38 	15 	37 	96 	51 	57 	103 	60 	69 	38 	49 	32 	67 	63 	45 	66 	19 	51 	60 	93 	48 	80 	15 	42 	39 	42 	38 	10 	72 	50 	98 	23 	93 	46 	46 	20 	28 	65 	40 	73 	22 	64 	51 	52 	
52 	32 	19 	43 	51 	72 	50 	50 	14 	58 	75 	-1 	56 	50 	24 	72 	46 	82 	46 	47 	54 	73 	16 	44 	19 	63 	31 	67 	32 	55 	17 	62 	36 	48 	71 	58 	3 	52 	44 	58 	9 	24 	73 	43 	33 	22 	19 	27 	38 	71 	68 	16 	28 	44 	31 	50 	57 	61 	39 	41 	43 	37 	48 	39 	48 	70 	58 	67 	28 	25 	36 	63 	70 	54 	55 	19 	74 	28 	69 	57 	81 	85 	56 	72 	16 	69 	27 	54 	30 	36 	73 	56 	55 	57 	40 	4 	54 	43 	54 	88 	
64 	63 	65 	72 	14 	50 	74 	94 	67 	32 	29 	56 	-1 	25 	49 	61 	38 	27 	78 	65 	78 	59 	40 	20 	42 	62 	46 	71 	48 	48 	44 	28 	56 	86 	58 	9 	59 	10 	79 	30 	52 	69 	25 	31 	25 	48 	65 	73 	35 	24 	13 	71 	40 	63 	27 	6 	47 	15 	27 	69 	52 	29 	75 	57 	40 	18 	21 	48 	40 	38 	40 	73 	39 	23 	32 	75 	64 	53 	16 	51 	60 	31 	10 	21 	49 	64 	82 	10 	81 	21 	63 	12 	2 	70 	36 	56 	26 	63 	58 	73 	
41 	44 	65 	80 	35 	29 	52 	76 	64 	54 	26 	50 	25 	-1 	33 	37 	54 	47 	57 	76 	88 	36 	38 	36 	31 	37 	27 	46 	57 	24 	46 	12 	35 	66 	34 	33 	52 	32 	59 	51 	50 	55 	26 	9 	32 	33 	51 	58 	47 	49 	36 	65 	24 	74 	32 	20 	22 	17 	11 	77 	29 	41 	84 	36 	57 	43 	44 	25 	48 	43 	20 	49 	22 	44 	52 	67 	40 	60 	27 	26 	40 	53 	33 	26 	50 	40 	72 	15 	67 	27 	39 	14 	23 	46 	15 	48 	4 	41 	33 	51 	
29 	14 	43 	65 	51 	50 	31 	45 	38 	64 	59 	24 	49 	33 	-1 	49 	57 	76 	31 	67 	75 	50 	24 	46 	11 	40 	8 	44 	49 	32 	32 	44 	13 	38 	48 	54 	24 	50 	31 	63 	30 	21 	59 	25 	35 	2 	18 	24 	48 	70 	63 	35 	10 	63 	33 	43 	34 	49 	24 	63 	20 	44 	70 	16 	59 	67 	59 	45 	41 	36 	15 	40 	51 	57 	62 	37 	50 	47 	58 	33 	58 	81 	54 	59 	34 	46 	40 	43 	34 	34 	50 	44 	48 	35 	20 	20 	37 	22 	31 	64 	
28 	48 	91 	111 	72 	14 	42 	73 	87 	91 	44 	72 	61 	37 	49 	-1 	91 	77 	51 	110 	120 	2 	67 	73 	55 	12 	41 	19 	91 	18 	76 	34 	39 	61 	3 	69 	73 	69 	54 	88 	77 	64 	48 	36 	67 	50 	63 	65 	83 	84 	70 	83 	45 	107 	67 	57 	17 	48 	43 	108 	30 	77 	115 	37 	93 	77 	81 	13 	81 	76 	37 	26 	26 	81 	89 	85 	4 	91 	56 	16 	12 	84 	70 	52 	79 	8 	85 	51 	75 	63 	2 	48 	59 	29 	35 	69 	35 	37 	20 	15 	
83 	71 	43 	37 	24 	83 	87 	96 	49 	15 	67 	46 	38 	54 	57 	91 	-1 	53 	87 	28 	41 	90 	33 	19 	46 	87 	59 	95 	18 	74 	29 	63 	69 	92 	88 	32 	49 	28 	86 	16 	37 	69 	64 	55 	24 	55 	64 	72 	9 	35 	42 	58 	52 	27 	25 	38 	74 	52 	48 	34 	70 	14 	40 	72 	3 	40 	22 	80 	18 	21 	58 	94 	75 	18 	12 	61 	94 	25 	54 	77 	94 	53 	31 	59 	31 	92 	71 	45 	76 	27 	92 	48 	39 	89 	57 	49 	58 	78 	80 	105 	
88 	89 	89 	90 	32 	64 	99 	120 	92 	41 	34 	82 	27 	47 	76 	77 	53 	-1 	103 	81 	94 	75 	66 	40 	68 	82 	72 	91 	68 	69 	69 	44 	81 	112 	74 	24 	85 	30 	104 	38 	77 	96 	30 	55 	49 	75 	91 	99 	54 	19 	14 	97 	66 	80 	51 	33 	67 	31 	53 	87 	76 	50 	93 	82 	54 	13 	31 	65 	62 	61 	65 	95 	52 	35 	42 	100 	81 	74 	22 	72 	73 	7 	26 	25 	73 	82 	108 	33 	108 	46 	79 	33 	28 	93 	61 	82 	47 	88 	80 	86 	
23 	16 	64 	88 	82 	59 	9 	22 	56 	95 	80 	46 	78 	57 	31 	51 	87 	103 	-1 	93 	99 	53 	54 	76 	41 	38 	32 	35 	77 	42 	60 	65 	22 	10 	52 	84 	44 	80 	4 	94 	55 	24 	81 	48 	66 	32 	27 	23 	78 	100 	91 	48 	39 	89 	64 	72 	44 	74 	51 	87 	29 	74 	93 	21 	90 	96 	90 	54 	70 	66 	38 	27 	66 	88 	93 	47 	50 	74 	84 	41 	63 	109 	83 	83 	61 	44 	43 	70 	30 	65 	50 	70 	76 	23 	43 	42 	59 	16 	32 	62 	
96 	78 	32 	12 	52 	105 	96 	95 	41 	41 	93 	47 	65 	76 	67 	110 	28 	81 	93 	-1 	13 	110 	43 	45 	57 	104 	72 	110 	19 	92 	35 	87 	80 	95 	108 	60 	49 	55 	91 	44 	38 	71 	90 	74 	44 	65 	66 	73 	30 	63 	70 	51 	66 	3 	44 	63 	93 	78 	67 	10 	85 	37 	12 	83 	27 	68 	51 	100 	29 	33 	74 	107 	98 	47 	40 	54 	112 	20 	81 	94 	115 	80 	58 	86 	33 	109 	64 	70 	73 	49 	111 	74 	66 	102 	75 	51 	81 	88 	95 	125 	
105 	86 	36 	11 	64 	116 	103 	99 	44 	54 	106 	54 	78 	88 	75 	120 	41 	94 	99 	13 	-1 	120 	53 	58 	67 	114 	81 	119 	31 	103 	45 	99 	89 	100 	118 	73 	55 	68 	97 	56 	45 	76 	103 	85 	56 	74 	72 	78 	43 	75 	83 	54 	76 	15 	56 	76 	104 	91 	79 	13 	94 	49 	6 	92 	40 	81 	63 	112 	40 	45 	84 	115 	110 	59 	52 	56 	123 	29 	94 	105 	126 	93 	71 	99 	41 	119 	66 	83 	77 	61 	121 	86 	78 	110 	85 	58 	92 	97 	105 	135 	
30 	49 	92 	111 	71 	11 	45 	75 	87 	90 	42 	73 	59 	36 	50 	2 	90 	75 	53 	110 	120 	-1 	67 	72 	55 	15 	42 	21 	90 	18 	76 	32 	40 	63 	2 	68 	73 	68 	56 	87 	77 	65 	46 	36 	67 	51 	64 	67 	82 	82 	69 	84 	45 	107 	66 	56 	17 	47 	42 	108 	31 	76 	115 	38 	93 	75 	80 	11 	81 	76 	37 	29 	24 	80 	88 	86 	6 	91 	54 	16 	10 	83 	69 	50 	79 	10 	87 	50 	77 	63 	4 	47 	57 	31 	35 	70 	33 	39 	22 	15 	
53 	38 	28 	44 	35 	64 	55 	63 	27 	43 	61 	16 	40 	38 	24 	67 	33 	66 	54 	43 	53 	67 	-1 	28 	14 	61 	29 	66 	25 	50 	8 	50 	37 	59 	65 	41 	19 	36 	53 	42 	13 	36 	59 	33 	17 	23 	31 	39 	24 	54 	52 	32 	22 	40 	14 	35 	51 	47 	27 	41 	41 	22 	48 	40 	36 	54 	41 	59 	17 	12 	30 	64 	60 	38 	41 	35 	69 	24 	54 	52 	74 	68 	40 	57 	12 	66 	43 	39 	45 	19 	68 	42 	39 	59 	32 	18 	42 	46 	52 	82 	
69 	60 	49 	52 	8 	64 	75 	89 	52 	19 	48 	44 	20 	36 	46 	73 	19 	40 	76 	45 	58 	72 	28 	-1 	36 	71 	46 	78 	29 	57 	29 	44 	56 	83 	70 	16 	47 	11 	76 	17 	38 	62 	45 	37 	11 	44 	57 	66 	15 	27 	27 	58 	38 	43 	13 	18 	57 	33 	31 	49 	56 	10 	55 	59 	22 	28 	14 	61 	22 	21 	43 	79 	55 	11 	17 	62 	76 	35 	36 	60 	75 	42 	14 	41 	33 	74 	71 	26 	72 	12 	74 	29 	20 	75 	41 	45 	39 	65 	64 	86 	
39 	25 	37 	57 	42 	53 	41 	53 	34 	54 	57 	19 	42 	31 	11 	55 	46 	68 	41 	57 	67 	55 	14 	36 	-1 	47 	15 	52 	39 	37 	22 	43 	23 	48 	53 	46 	21 	41 	41 	53 	22 	28 	56 	24 	25 	9 	23 	31 	37 	61 	55 	34 	10 	54 	23 	36 	39 	44 	20 	54 	27 	33 	61 	26 	49 	59 	50 	48 	30 	26 	18 	50 	51 	47 	51 	36 	57 	38 	53 	39 	62 	73 	45 	55 	25 	53 	42 	38 	39 	25 	56 	39 	40 	45 	21 	17 	35 	32 	38 	70 	
16 	36 	83 	104 	72 	23 	30 	60 	77 	90 	51 	63 	62 	37 	40 	12 	87 	82 	38 	104 	114 	15 	61 	71 	47 	-1 	33 	9 	85 	14 	69 	38 	28 	49 	14 	70 	63 	69 	42 	87 	69 	52 	54 	33 	64 	41 	52 	54 	79 	86 	73 	73 	38 	101 	63 	57 	15 	52 	40 	101 	20 	74 	109 	26 	90 	79 	81 	19 	76 	71 	30 	15 	33 	80 	88 	74 	12 	85 	60 	11 	24 	89 	71 	57 	72 	6 	74 	52 	64 	60 	12 	50 	60 	16 	30 	60 	36 	25 	9 	25 	
24 	17 	50 	71 	50 	42 	30 	49 	46 	65 	52 	31 	46 	27 	8 	41 	59 	72 	32 	72 	81 	42 	29 	46 	15 	33 	-1 	38 	54 	24 	37 	37 	11 	41 	40 	52 	32 	48 	33 	63 	37 	28 	53 	18 	36 	9 	25 	31 	50 	68 	59 	43 	7 	69 	35 	40 	26 	43 	19 	69 	13 	46 	76 	13 	62 	64 	59 	36 	45 	40 	7 	35 	43 	57 	63 	45 	43 	53 	53 	25 	50 	77 	51 	53 	40 	38 	48 	39 	41 	34 	42 	39 	44 	30 	13 	28 	30 	19 	24 	56 	
15 	37 	86 	108 	80 	32 	26 	56 	80 	98 	60 	67 	71 	46 	44 	19 	95 	91 	35 	110 	119 	21 	66 	78 	52 	9 	38 	-1 	91 	23 	74 	47 	31 	45 	21 	79 	66 	78 	39 	95 	74 	53 	63 	41 	71 	45 	53 	54 	86 	95 	82 	75 	44 	106 	70 	66 	24 	61 	47 	106 	25 	81 	113 	28 	97 	88 	89 	28 	82 	77 	37 	8 	42 	88 	96 	76 	17 	90 	70 	20 	31 	98 	79 	67 	77 	11 	74 	61 	63 	68 	18 	59 	69 	12 	37 	63 	45 	25 	14 	28 	
78 	62 	25 	23 	36 	86 	79 	82 	32 	32 	76 	32 	48 	57 	49 	91 	18 	68 	77 	19 	31 	90 	25 	29 	39 	85 	54 	91 	-1 	73 	17 	68 	62 	81 	88 	45 	35 	40 	75 	33 	23 	56 	73 	55 	26 	47 	51 	59 	14 	52 	56 	41 	47 	16 	25 	46 	74 	60 	48 	20 	66 	19 	27 	65 	19 	55 	38 	81 	10 	14 	55 	89 	79 	34 	30 	45 	93 	7 	64 	75 	96 	69 	43 	69 	17 	90 	55 	52 	62 	31 	92 	56 	49 	84 	56 	36 	62 	71 	77 	106 	
20 	34 	74 	93 	58 	19 	34 	63 	70 	76 	40 	55 	48 	24 	32 	18 	74 	69 	42 	92 	103 	18 	50 	57 	37 	14 	24 	23 	73 	-1 	58 	26 	24 	52 	16 	57 	56 	55 	44 	74 	60 	49 	42 	20 	51 	33 	48 	51 	66 	72 	60 	67 	28 	89 	50 	44 	3 	39 	26 	91 	14 	61 	98 	23 	77 	66 	67 	13 	64 	59 	19 	26 	24 	67 	74 	68 	20 	74 	48 	3 	26 	76 	57 	45 	62 	17 	70 	39 	61 	47 	19 	37 	46 	24 	17 	52 	23 	25 	11 	33 	
61 	44 	21 	35 	37 	72 	62 	66 	23 	41 	68 	17 	44 	46 	32 	76 	29 	69 	60 	35 	45 	76 	8 	29 	22 	69 	37 	74 	17 	58 	-1 	57 	45 	64 	74 	44 	20 	38 	58 	41 	9 	40 	66 	41 	19 	30 	35 	43 	21 	56 	55 	30 	31 	32 	18 	40 	59 	53 	35 	33 	49 	21 	40 	48 	31 	56 	42 	67 	11 	9 	39 	72 	68 	38 	39 	33 	78 	16 	59 	60 	82 	71 	43 	63 	5 	74 	43 	45 	47 	23 	77 	48 	44 	67 	41 	20 	50 	54 	60 	91 	
45 	53 	77 	91 	42 	22 	59 	85 	76 	60 	16 	62 	28 	12 	44 	34 	63 	44 	65 	87 	99 	32 	50 	44 	43 	38 	37 	47 	68 	26 	57 	-1 	44 	75 	31 	37 	63 	38 	67 	57 	62 	65 	17 	20 	43 	44 	62 	68 	57 	51 	37 	76 	35 	84 	43 	26 	23 	15 	23 	88 	36 	51 	95 	44 	66 	43 	49 	21 	58 	54 	30 	51 	12 	50 	59 	79 	37 	71 	23 	28 	32 	51 	38 	20 	62 	38 	84 	19 	78 	37 	36 	16 	26 	50 	24 	60 	8 	48 	37 	45 	
16 	10 	56 	78 	61 	43 	19 	41 	50 	75 	59 	36 	56 	35 	13 	39 	69 	81 	22 	80 	89 	40 	37 	56 	23 	28 	11 	31 	62 	24 	45 	44 	-1 	31 	39 	62 	36 	59 	23 	74 	43 	25 	60 	26 	47 	15 	24 	27 	60 	78 	69 	45 	18 	77 	45 	50 	27 	52 	29 	76 	10 	56 	83 	3 	72 	74 	69 	38 	54 	49 	16 	27 	47 	67 	73 	46 	40 	61 	62 	24 	50 	87 	62 	61 	47 	35 	46 	48 	37 	45 	39 	48 	54 	22 	21 	32 	37 	9 	19 	53 	
33 	24 	64 	89 	89 	70 	19 	12 	56 	101 	90 	48 	86 	66 	38 	61 	92 	112 	10 	95 	100 	63 	59 	83 	48 	49 	41 	45 	81 	52 	64 	75 	31 	-1 	62 	92 	46 	88 	8 	100 	58 	24 	91 	58 	73 	39 	29 	22 	83 	108 	100 	47 	47 	92 	70 	80 	55 	83 	59 	88 	39 	80 	94 	31 	95 	104 	97 	65 	74 	71 	47 	37 	76 	95 	99 	45 	60 	76 	93 	51 	73 	117 	91 	93 	64 	54 	39 	79 	26 	72 	60 	79 	84 	33 	52 	44 	69 	27 	42 	72 	
29 	48 	90 	109 	70 	11 	43 	73 	86 	88 	41 	71 	58 	34 	48 	3 	88 	74 	52 	108 	118 	2 	65 	70 	53 	14 	40 	21 	88 	16 	74 	31 	39 	62 	-1 	67 	72 	66 	55 	86 	76 	63 	45 	34 	65 	49 	62 	65 	81 	81 	67 	82 	44 	105 	64 	54 	15 	45 	41 	106 	29 	75 	114 	37 	91 	74 	78 	10 	79 	74 	35 	28 	23 	78 	87 	84 	7 	89 	53 	15 	11 	82 	67 	49 	78 	10 	85 	48 	75 	61 	5 	45 	56 	30 	33 	68 	32 	37 	20 	17 	
72 	68 	65 	68 	9 	59 	81 	99 	67 	24 	36 	58 	9 	33 	54 	69 	32 	24 	84 	60 	73 	68 	41 	16 	46 	70 	52 	79 	45 	57 	44 	37 	62 	92 	67 	-1 	61 	6 	84 	21 	53 	74 	32 	38 	25 	53 	69 	77 	31 	16 	11 	73 	45 	59 	27 	13 	55 	23 	34 	65 	59 	26 	71 	64 	34 	13 	13 	57 	38 	37 	47 	81 	48 	15 	24 	76 	73 	51 	22 	59 	69 	27 	2 	28 	48 	73 	85 	18 	85 	22 	71 	21 	11 	78 	44 	58 	35 	70 	66 	82 	
51 	31 	20 	44 	54 	73 	48 	47 	14 	61 	77 	3 	59 	52 	24 	73 	49 	85 	44 	49 	55 	73 	19 	47 	21 	63 	32 	66 	35 	56 	20 	63 	36 	46 	72 	61 	-1 	55 	42 	61 	12 	22 	76 	44 	36 	23 	17 	24 	41 	74 	71 	13 	29 	46 	34 	53 	57 	64 	40 	43 	43 	40 	49 	38 	51 	73 	61 	68 	31 	28 	37 	62 	72 	57 	58 	16 	74 	30 	72 	57 	82 	88 	59 	74 	19 	69 	24 	56 	27 	38 	73 	58 	58 	56 	41 	4 	56 	43 	54 	88 	
70 	64 	59 	63 	4 	59 	78 	95 	62 	22 	39 	52 	10 	32 	50 	69 	28 	30 	80 	55 	68 	68 	36 	11 	41 	69 	48 	78 	40 	55 	38 	38 	59 	88 	66 	6 	55 	-1 	81 	19 	47 	69 	36 	36 	19 	49 	64 	72 	26 	20 	17 	67 	42 	54 	21 	12 	54 	25 	31 	59 	56 	20 	66 	61 	30 	18 	12 	57 	33 	31 	44 	79 	49 	12 	21 	71 	72 	45 	26 	58 	70 	33 	4 	31 	43 	72 	79 	19 	80 	17 	71 	22 	12 	75 	41 	53 	35 	67 	64 	82 	
26 	16 	61 	86 	82 	63 	13 	19 	53 	94 	82 	44 	79 	59 	31 	54 	86 	104 	4 	91 	97 	56 	53 	76 	41 	42 	33 	39 	75 	44 	58 	67 	23 	8 	55 	84 	42 	81 	-1 	93 	53 	21 	83 	50 	66 	32 	25 	19 	77 	100 	92 	44 	39 	87 	64 	72 	47 	75 	52 	85 	31 	74 	91 	23 	89 	97 	90 	57 	69 	65 	39 	31 	69 	88 	92 	44 	54 	72 	85 	44 	66 	110 	84 	85 	59 	48 	39 	72 	26 	65 	54 	71 	77 	27 	44 	40 	61 	19 	35 	66 	
86 	77 	58 	53 	16 	79 	93 	105 	63 	3 	58 	58 	30 	51 	63 	88 	16 	38 	94 	44 	56 	87 	42 	17 	53 	87 	63 	95 	33 	74 	41 	57 	74 	100 	86 	21 	61 	19 	93 	-1 	50 	78 	54 	54 	27 	61 	73 	82 	21 	20 	29 	71 	56 	43 	30 	32 	73 	44 	48 	50 	73 	20 	55 	76 	16 	25 	9 	76 	31 	32 	60 	96 	69 	7 	4 	74 	92 	40 	43 	76 	89 	37 	20 	49 	44 	91 	84 	38 	87 	29 	90 	42 	31 	92 	58 	60 	54 	82 	81 	101 	
59 	41 	15 	35 	46 	75 	58 	59 	15 	50 	74 	9 	52 	50 	30 	77 	37 	77 	55 	38 	45 	77 	13 	38 	22 	69 	37 	74 	23 	60 	9 	62 	43 	58 	76 	53 	12 	47 	53 	50 	-1 	33 	72 	45 	28 	29 	29 	36 	29 	64 	63 	21 	32 	35 	26 	47 	61 	60 	39 	33 	49 	30 	40 	46 	39 	65 	51 	70 	19 	18 	40 	70 	72 	47 	47 	24 	79 	19 	67 	61 	85 	80 	51 	70 	7 	75 	34 	52 	39 	31 	78 	55 	52 	65 	43 	13 	55 	51 	60 	92 	
37 	16 	40 	65 	69 	68 	30 	27 	32 	79 	80 	24 	69 	55 	21 	64 	69 	96 	24 	71 	76 	65 	36 	62 	28 	52 	28 	53 	56 	49 	40 	65 	25 	24 	63 	74 	22 	69 	21 	78 	33 	-1 	80 	46 	51 	22 	5 	4 	60 	88 	82 	24 	31 	67 	49 	63 	52 	70 	45 	64 	35 	58 	70 	27 	71 	86 	76 	62 	51 	47 	35 	46 	70 	74 	77 	24 	64 	52 	79 	49 	74 	100 	73 	80 	40 	59 	22 	64 	13 	52 	64 	65 	68 	41 	41 	20 	58 	28 	43 	78 	
62 	69 	87 	96 	40 	34 	76 	101 	86 	57 	4 	73 	25 	26 	59 	48 	64 	30 	81 	90 	103 	46 	59 	45 	56 	54 	53 	63 	73 	42 	66 	17 	60 	91 	45 	32 	76 	36 	83 	54 	72 	80 	-1 	35 	48 	59 	77 	83 	60 	42 	27 	89 	49 	88 	49 	27 	40 	13 	36 	93 	52 	54 	100 	60 	66 	34 	45 	35 	64 	61 	45 	68 	22 	47 	57 	92 	51 	77 	11 	44 	43 	38 	34 	5 	70 	53 	97 	21 	93 	43 	50 	18 	24 	67 	40 	72 	23 	65 	53 	56 	
34 	35 	60 	76 	39 	31 	44 	67 	57 	56 	35 	43 	31 	9 	25 	36 	55 	55 	48 	74 	85 	36 	33 	37 	24 	33 	18 	41 	55 	20 	41 	20 	26 	58 	34 	38 	44 	36 	50 	54 	45 	46 	35 	-1 	31 	25 	42 	49 	47 	54 	43 	57 	16 	71 	31 	25 	20 	26 	7 	73 	21 	41 	81 	27 	58 	49 	48 	26 	45 	41 	11 	43 	27 	47 	55 	60 	39 	56 	35 	22 	41 	61 	38 	35 	45 	37 	64 	22 	59 	27 	38 	22 	29 	39 	6 	41 	12 	33 	27 	51 	
60 	50 	40 	49 	18 	61 	66 	78 	43 	29 	50 	33 	25 	32 	35 	67 	24 	49 	66 	44 	56 	67 	17 	11 	25 	64 	36 	71 	26 	51 	19 	43 	47 	73 	65 	25 	36 	19 	66 	27 	28 	51 	48 	31 	-1 	34 	46 	55 	15 	38 	35 	48 	29 	42 	2 	21 	51 	35 	25 	46 	47 	10 	53 	49 	26 	37 	25 	57 	16 	13 	35 	71 	54 	22 	26 	51 	70 	29 	40 	53 	72 	52 	23 	45 	24 	68 	60 	27 	62 	5 	69 	30 	25 	66 	34 	34 	36 	56 	57 	82 	
31 	16 	42 	63 	50 	51 	32 	46 	37 	63 	59 	22 	48 	33 	2 	50 	55 	75 	32 	65 	74 	51 	23 	44 	9 	41 	9 	45 	47 	33 	30 	44 	15 	39 	49 	53 	23 	49 	32 	61 	29 	22 	59 	25 	34 	-1 	18 	25 	46 	69 	62 	34 	9 	62 	32 	42 	35 	48 	23 	61 	21 	42 	68 	18 	58 	66 	58 	45 	39 	35 	15 	42 	51 	56 	60 	36 	51 	46 	58 	34 	59 	80 	53 	59 	33 	47 	40 	43 	34 	33 	51 	44 	47 	36 	20 	19 	37 	23 	32 	65 	
38 	16 	36 	61 	64 	66 	32 	32 	29 	74 	77 	19 	65 	51 	18 	63 	64 	91 	27 	66 	72 	64 	31 	57 	23 	52 	25 	53 	51 	48 	35 	62 	24 	29 	62 	69 	17 	64 	25 	73 	29 	5 	77 	42 	46 	18 	-1 	9 	55 	83 	78 	22 	27 	63 	44 	59 	50 	66 	41 	60 	33 	53 	66 	26 	66 	82 	71 	61 	46 	42 	32 	48 	68 	68 	71 	22 	64 	47 	75 	48 	73 	96 	68 	77 	35 	58 	23 	60 	17 	47 	63 	61 	63 	42 	38 	15 	55 	29 	43 	77 	
38 	18 	42 	67 	73 	70 	29 	23 	34 	83 	84 	27 	73 	58 	24 	65 	72 	99 	23 	73 	78 	67 	39 	66 	31 	54 	31 	54 	59 	51 	43 	68 	27 	22 	65 	77 	24 	72 	19 	82 	36 	4 	83 	49 	55 	25 	9 	-1 	63 	92 	86 	25 	34 	70 	53 	67 	54 	73 	48 	66 	37 	62 	72 	29 	75 	90 	80 	65 	54 	51 	38 	47 	73 	77 	80 	24 	66 	55 	83 	51 	76 	104 	76 	84 	43 	60 	21 	68 	10 	56 	65 	69 	71 	42 	44 	23 	61 	29 	45 	79 	
74 	62 	37 	37 	22 	76 	78 	87 	42 	21 	63 	38 	35 	47 	48 	83 	9 	54 	78 	30 	43 	82 	24 	15 	37 	79 	50 	86 	14 	66 	21 	57 	60 	83 	81 	31 	41 	26 	77 	21 	29 	60 	60 	47 	15 	46 	55 	63 	-1 	38 	41 	50 	43 	28 	16 	33 	66 	48 	40 	34 	62 	6 	40 	63 	12 	41 	24 	72 	10 	12 	49 	85 	69 	20 	18 	53 	86 	20 	51 	69 	87 	55 	29 	56 	23 	84 	63 	40 	68 	20 	84 	43 	36 	80 	49 	40 	51 	69 	72 	97 	
88 	84 	74 	73 	19 	72 	97 	114 	79 	22 	46 	71 	24 	49 	70 	84 	35 	19 	100 	63 	75 	82 	54 	27 	61 	86 	68 	95 	52 	72 	56 	51 	78 	108 	81 	16 	74 	20 	100 	20 	64 	88 	42 	54 	38 	69 	83 	92 	38 	-1 	15 	85 	61 	62 	40 	29 	71 	36 	50 	69 	75 	35 	75 	80 	36 	8 	14 	71 	47 	47 	63 	97 	61 	18 	23 	89 	87 	58 	31 	75 	82 	17 	16 	37 	59 	88 	98 	33 	99 	36 	86 	36 	26 	94 	60 	72 	50 	86 	82 	95 	
77 	76 	75 	78 	19 	58 	87 	107 	78 	32 	32 	68 	13 	36 	63 	70 	42 	14 	91 	70 	83 	69 	52 	27 	55 	73 	59 	82 	56 	60 	55 	37 	69 	100 	67 	11 	71 	17 	92 	29 	63 	82 	27 	43 	35 	62 	78 	86 	41 	15 	-1 	83 	53 	69 	38 	19 	58 	22 	40 	75 	64 	37 	81 	70 	43 	7 	20 	57 	49 	47 	53 	85 	47 	24 	32 	87 	74 	61 	16 	62 	68 	18 	13 	22 	59 	75 	95 	21 	94 	32 	72 	23 	15 	82 	49 	68 	37 	76 	70 	81 	
60 	38 	19 	44 	66 	85 	53 	44 	10 	71 	90 	16 	71 	65 	35 	83 	58 	97 	48 	51 	54 	84 	32 	58 	34 	73 	43 	75 	41 	67 	30 	76 	45 	47 	82 	73 	13 	67 	44 	71 	21 	24 	89 	57 	48 	34 	22 	25 	50 	85 	83 	-1 	42 	48 	46 	66 	69 	77 	53 	43 	54 	51 	48 	47 	59 	85 	72 	79 	40 	39 	49 	69 	84 	68 	68 	3 	84 	35 	85 	68 	93 	100 	71 	87 	27 	79 	14 	69 	23 	51 	84 	72 	71 	64 	54 	17 	69 	50 	64 	98 	
31 	23 	46 	66 	43 	44 	37 	54 	43 	58 	50 	28 	40 	24 	10 	45 	52 	66 	39 	66 	76 	45 	22 	38 	10 	38 	7 	44 	47 	28 	31 	35 	18 	47 	44 	45 	29 	42 	39 	56 	32 	31 	49 	16 	29 	9 	27 	34 	43 	61 	53 	42 	-1 	63 	27 	34 	29 	39 	14 	63 	19 	38 	71 	20 	55 	58 	51 	39 	38 	33 	8 	42 	43 	50 	55 	44 	47 	47 	48 	29 	53 	71 	45 	49 	34 	43 	48 	34 	44 	27 	46 	34 	38 	37 	12 	26 	28 	27 	30 	60 	
93 	75 	29 	11 	50 	102 	93 	92 	38 	41 	91 	44 	63 	74 	63 	107 	27 	80 	89 	3 	15 	107 	40 	43 	54 	101 	69 	106 	16 	89 	32 	84 	77 	92 	105 	59 	46 	54 	87 	43 	35 	67 	88 	71 	42 	62 	63 	70 	28 	62 	69 	48 	63 	-1 	41 	61 	90 	76 	64 	8 	81 	34 	13 	80 	26 	67 	49 	97 	26 	31 	70 	103 	95 	45 	39 	51 	109 	16 	79 	91 	112 	80 	57 	84 	29 	106 	61 	68 	70 	47 	108 	71 	64 	98 	72 	48 	78 	85 	92 	122 	
59 	48 	39 	48 	21 	61 	64 	76 	41 	31 	51 	31 	27 	32 	33 	67 	25 	51 	64 	44 	56 	66 	14 	13 	23 	63 	35 	70 	25 	50 	18 	43 	45 	70 	64 	27 	34 	21 	64 	30 	26 	49 	49 	31 	2 	32 	44 	53 	16 	40 	38 	46 	27 	41 	-1 	22 	50 	36 	24 	45 	46 	11 	52 	47 	28 	40 	27 	57 	16 	12 	33 	69 	54 	24 	29 	49 	70 	28 	42 	52 	71 	54 	26 	46 	22 	67 	58 	28 	59 	6 	68 	31 	26 	65 	33 	32 	36 	54 	55 	81 	
59 	56 	61 	69 	16 	47 	68 	88 	62 	34 	30 	50 	6 	20 	43 	57 	38 	33 	72 	63 	76 	56 	35 	18 	36 	57 	40 	66 	46 	44 	40 	26 	50 	80 	54 	13 	53 	12 	72 	32 	47 	63 	27 	25 	21 	42 	59 	67 	33 	29 	19 	66 	34 	61 	22 	-1 	42 	15 	21 	66 	46 	27 	73 	51 	40 	24 	24 	45 	37 	34 	34 	68 	37 	24 	33 	69 	60 	50 	20 	46 	58 	37 	13 	24 	44 	60 	76 	7 	75 	16 	59 	11 	5 	65 	31 	50 	22 	58 	52 	70 	
23 	37 	75 	94 	57 	16 	37 	66 	71 	75 	38 	57 	47 	22 	34 	17 	74 	67 	44 	93 	104 	17 	51 	57 	39 	15 	26 	24 	74 	3 	59 	23 	27 	55 	15 	55 	57 	54 	47 	73 	61 	52 	40 	20 	51 	35 	50 	54 	66 	71 	58 	69 	29 	90 	50 	42 	-1 	37 	26 	92 	17 	61 	99 	26 	77 	64 	66 	11 	64 	60 	21 	28 	21 	66 	74 	71 	19 	75 	46 	5 	24 	74 	56 	43 	63 	18 	73 	37 	64 	47 	18 	35 	45 	27 	18 	54 	21 	28 	14 	32 	
57 	60 	74 	84 	29 	37 	69 	92 	74 	47 	15 	61 	15 	17 	49 	48 	52 	31 	74 	78 	91 	47 	47 	33 	44 	52 	43 	61 	60 	39 	53 	15 	52 	83 	45 	23 	64 	25 	75 	44 	60 	70 	13 	26 	35 	48 	66 	73 	48 	36 	22 	77 	39 	76 	36 	15 	37 	-1 	25 	81 	46 	42 	87 	53 	55 	29 	35 	36 	52 	48 	37 	64 	25 	37 	46 	80 	52 	65 	10 	41 	47 	37 	24 	11 	58 	53 	86 	8 	83 	30 	50 	5 	13 	62 	31 	61 	16 	58 	49 	59 	
39 	36 	54 	70 	33 	37 	47 	68 	52 	50 	37 	39 	27 	11 	24 	43 	48 	53 	51 	67 	79 	42 	27 	31 	20 	40 	19 	47 	48 	26 	35 	23 	29 	59 	41 	34 	40 	31 	52 	48 	39 	45 	36 	7 	25 	23 	41 	48 	40 	50 	40 	53 	14 	64 	24 	21 	26 	25 	-1 	67 	25 	34 	74 	30 	51 	45 	42 	33 	38 	34 	13 	48 	33 	41 	48 	56 	46 	50 	35 	29 	48 	58 	34 	36 	39 	44 	61 	20 	57 	21 	44 	21 	25 	44 	10 	37 	16 	37 	33 	58 	
92 	73 	24 	3 	56 	104 	91 	87 	33 	48 	96 	41 	69 	77 	63 	108 	34 	87 	87 	10 	13 	108 	41 	49 	54 	101 	69 	106 	20 	91 	33 	88 	76 	88 	106 	65 	43 	59 	85 	50 	33 	64 	93 	73 	46 	61 	60 	66 	34 	69 	75 	43 	63 	8 	45 	66 	92 	81 	67 	-1 	82 	40 	7 	79 	34 	74 	56 	100 	29 	33 	71 	103 	99 	52 	46 	46 	110 	17 	85 	93 	114 	87 	63 	89 	29 	107 	55 	72 	66 	51 	109 	76 	69 	98 	73 	46 	81 	84 	93 	123 	
13 	19 	63 	84 	59 	34 	23 	49 	57 	75 	51 	43 	52 	29 	20 	30 	70 	76 	29 	85 	94 	31 	41 	56 	27 	20 	13 	25 	66 	14 	49 	36 	10 	39 	29 	59 	43 	56 	31 	73 	49 	35 	52 	21 	47 	21 	33 	37 	62 	75 	64 	54 	19 	81 	46 	46 	17 	46 	25 	82 	-1 	57 	89 	9 	73 	70 	67 	28 	57 	52 	13 	23 	38 	66 	73 	55 	31 	65 	55 	15 	40 	82 	59 	54 	52 	26 	56 	43 	47 	44 	30 	43 	50 	19 	16 	39 	30 	13 	11 	45 	
70 	58 	40 	43 	18 	70 	74 	85 	44 	21 	57 	37 	29 	41 	44 	77 	14 	50 	74 	37 	49 	76 	22 	10 	33 	74 	46 	81 	19 	61 	21 	51 	56 	80 	75 	26 	40 	20 	74 	20 	30 	58 	54 	41 	10 	42 	53 	62 	6 	35 	37 	51 	38 	34 	11 	27 	61 	42 	34 	40 	57 	-1 	46 	58 	17 	37 	21 	66 	13 	12 	44 	80 	62 	17 	19 	54 	80 	25 	45 	63 	81 	51 	24 	50 	24 	78 	64 	34 	67 	14 	79 	37 	29 	76 	44 	39 	45 	65 	66 	91 	
99 	80 	30 	5 	62 	112 	97 	93 	38 	53 	103 	48 	75 	84 	70 	115 	40 	93 	93 	12 	6 	115 	48 	55 	61 	109 	76 	113 	27 	98 	40 	95 	83 	94 	114 	71 	49 	66 	91 	55 	40 	70 	100 	81 	53 	68 	66 	72 	40 	75 	81 	48 	71 	13 	52 	73 	99 	87 	74 	7 	89 	46 	-1 	86 	39 	79 	62 	107 	36 	41 	79 	110 	106 	58 	51 	50 	118 	24 	91 	100 	122 	92 	69 	96 	36 	114 	60 	79 	71 	58 	117 	83 	76 	105 	81 	52 	88 	91 	100 	131 	
13 	11 	58 	81 	63 	42 	17 	41 	52 	78 	60 	39 	57 	36 	16 	37 	72 	82 	21 	83 	92 	38 	40 	59 	26 	26 	13 	28 	65 	23 	48 	44 	3 	31 	37 	64 	38 	61 	23 	76 	46 	27 	60 	27 	49 	18 	26 	29 	63 	80 	70 	47 	20 	80 	47 	51 	26 	53 	30 	79 	9 	58 	86 	-1 	75 	76 	71 	36 	57 	52 	17 	24 	46 	70 	76 	48 	37 	64 	63 	23 	48 	88 	64 	62 	50 	32 	49 	50 	39 	47 	37 	49 	55 	19 	22 	35 	38 	6 	17 	51 	
86 	73 	44 	37 	26 	86 	90 	98 	50 	14 	69 	48 	40 	57 	59 	93 	3 	54 	90 	27 	40 	93 	36 	22 	49 	90 	62 	97 	19 	77 	31 	66 	72 	95 	91 	34 	51 	30 	89 	16 	39 	71 	66 	58 	26 	58 	66 	75 	12 	36 	43 	59 	55 	26 	28 	40 	77 	55 	51 	34 	73 	17 	39 	75 	-1 	41 	23 	82 	21 	24 	61 	97 	77 	20 	13 	63 	96 	26 	56 	80 	96 	53 	32 	61 	33 	94 	73 	47 	79 	30 	95 	51 	42 	92 	60 	51 	61 	81 	83 	108 	
83 	81 	76 	77 	19 	65 	93 	112 	79 	28 	38 	70 	18 	43 	67 	77 	40 	13 	96 	68 	81 	75 	54 	28 	59 	79 	64 	88 	55 	66 	56 	43 	74 	104 	74 	13 	73 	18 	97 	25 	65 	86 	34 	49 	37 	66 	82 	90 	41 	8 	7 	85 	58 	67 	40 	24 	64 	29 	45 	74 	70 	37 	79 	76 	41 	-1 	18 	64 	49 	48 	59 	91 	53 	22 	29 	89 	80 	61 	23 	69 	75 	15 	14 	28 	60 	81 	97 	27 	98 	35 	79 	29 	20 	88 	55 	71 	43 	82 	76 	88 	
81 	74 	60 	59 	9 	71 	88 	103 	65 	12 	49 	58 	21 	44 	59 	81 	22 	31 	90 	51 	63 	80 	41 	14 	50 	81 	59 	89 	38 	67 	42 	49 	69 	97 	78 	13 	61 	12 	90 	9 	51 	76 	45 	48 	25 	58 	71 	80 	24 	14 	20 	72 	51 	49 	27 	24 	66 	35 	42 	56 	67 	21 	62 	71 	23 	18 	-1 	68 	33 	33 	55 	90 	60 	4 	12 	75 	84 	44 	34 	69 	81 	31 	11 	40 	45 	83 	84 	30 	87 	25 	83 	33 	23 	87 	52 	59 	46 	78 	75 	93 	
32 	47 	85 	102 	60 	6 	47 	76 	81 	79 	32 	67 	48 	25 	45 	13 	80 	65 	54 	100 	112 	11 	59 	61 	48 	19 	36 	28 	81 	13 	67 	21 	38 	65 	10 	57 	68 	57 	57 	76 	70 	62 	35 	26 	57 	45 	61 	65 	72 	71 	57 	79 	39 	97 	57 	45 	11 	36 	33 	100 	28 	66 	107 	36 	82 	64 	68 	-1 	72 	67 	30 	34 	14 	69 	78 	81 	16 	83 	43 	14 	15 	72 	58 	39 	72 	18 	83 	39 	75 	52 	15 	36 	46 	35 	27 	64 	22 	39 	23 	25 	
69 	54 	27 	32 	30 	76 	71 	77 	32 	31 	67 	28 	40 	48 	41 	81 	18 	62 	70 	29 	40 	81 	17 	22 	30 	76 	45 	82 	10 	64 	11 	58 	54 	74 	79 	38 	31 	33 	69 	31 	19 	51 	64 	45 	16 	39 	46 	54 	10 	47 	49 	40 	38 	26 	16 	37 	64 	52 	38 	29 	57 	13 	36 	57 	21 	49 	33 	72 	-1 	5 	45 	80 	70 	29 	28 	43 	83 	13 	56 	66 	86 	64 	36 	61 	13 	81 	53 	43 	58 	21 	82 	47 	41 	75 	46 	31 	52 	63 	67 	96 	
64 	50 	28 	36 	29 	71 	67 	74 	31 	33 	63 	25 	38 	43 	36 	76 	21 	61 	66 	33 	45 	76 	12 	21 	26 	71 	40 	77 	14 	59 	9 	54 	49 	71 	74 	37 	28 	31 	65 	32 	18 	47 	61 	41 	13 	35 	42 	51 	12 	47 	47 	39 	33 	31 	12 	34 	60 	48 	34 	33 	52 	12 	41 	52 	24 	48 	33 	67 	5 	-1 	41 	75 	65 	30 	30 	42 	79 	17 	54 	61 	82 	63 	35 	58 	12 	76 	52 	40 	55 	18 	78 	43 	38 	70 	42 	28 	48 	58 	63 	91 	
26 	24 	55 	74 	46 	36 	34 	56 	51 	62 	45 	36 	40 	20 	15 	37 	58 	65 	38 	74 	84 	37 	30 	43 	18 	30 	7 	37 	55 	19 	39 	30 	16 	47 	35 	47 	37 	44 	39 	60 	40 	35 	45 	11 	35 	15 	32 	38 	49 	63 	53 	49 	8 	70 	33 	34 	21 	37 	13 	71 	13 	44 	79 	17 	61 	59 	55 	30 	45 	41 	-1 	36 	36 	54 	60 	51 	39 	55 	46 	21 	45 	71 	47 	46 	43 	35 	55 	33 	48 	32 	38 	33 	38 	32 	5 	33 	23 	23 	22 	52 	
11 	32 	82 	105 	81 	38 	19 	48 	76 	98 	66 	63 	73 	49 	40 	26 	94 	95 	27 	107 	115 	29 	64 	79 	50 	15 	35 	8 	89 	26 	72 	51 	27 	37 	28 	81 	62 	79 	31 	96 	70 	46 	68 	43 	71 	42 	48 	47 	85 	97 	85 	69 	42 	103 	69 	68 	28 	64 	48 	103 	23 	80 	110 	24 	97 	91 	90 	34 	80 	75 	36 	-1 	48 	89 	96 	70 	25 	87 	74 	23 	38 	101 	81 	71 	74 	19 	68 	64 	56 	68 	25 	62 	71 	6 	38 	58 	48 	19 	15 	36 	
45 	57 	87 	102 	53 	12 	59 	87 	85 	72 	19 	70 	39 	22 	51 	26 	75 	52 	66 	98 	110 	24 	60 	55 	51 	33 	43 	42 	79 	24 	68 	12 	47 	76 	23 	48 	72 	49 	69 	69 	72 	70 	22 	27 	54 	51 	68 	73 	69 	61 	47 	84 	43 	95 	54 	37 	21 	25 	33 	99 	38 	62 	106 	46 	77 	53 	60 	14 	70 	65 	36 	48 	-1 	62 	71 	87 	29 	82 	31 	26 	22 	59 	49 	27 	72 	32 	90 	31 	83 	49 	28 	27 	38 	48 	31 	68 	18 	50 	35 	34 	
79 	72 	56 	55 	9 	72 	86 	100 	61 	10 	51 	54 	23 	44 	57 	81 	18 	35 	88 	47 	59 	80 	38 	11 	47 	80 	57 	88 	34 	67 	38 	50 	67 	95 	78 	15 	57 	12 	88 	7 	47 	74 	47 	47 	22 	56 	68 	77 	20 	18 	24 	68 	50 	45 	24 	24 	66 	37 	41 	52 	66 	17 	58 	70 	20 	22 	4 	69 	29 	30 	54 	89 	62 	-1 	9 	71 	84 	40 	37 	69 	82 	35 	13 	43 	41 	83 	81 	31 	83 	23 	83 	34 	24 	85 	51 	56 	47 	76 	74 	94 	
86 	76 	54 	50 	18 	80 	92 	103 	60 	3 	60 	55 	32 	52 	62 	89 	12 	42 	93 	40 	52 	88 	41 	17 	51 	88 	63 	96 	30 	74 	39 	59 	73 	99 	87 	24 	58 	21 	92 	4 	47 	77 	57 	55 	26 	60 	71 	80 	18 	23 	32 	68 	55 	39 	29 	33 	74 	46 	48 	46 	73 	19 	51 	76 	13 	29 	12 	78 	28 	30 	60 	96 	71 	9 	-1 	72 	93 	37 	46 	77 	91 	41 	23 	52 	41 	91 	81 	40 	85 	29 	91 	44 	33 	92 	58 	58 	55 	82 	82 	103 	
60 	39 	22 	46 	70 	87 	53 	42 	13 	74 	93 	19 	75 	67 	37 	85 	61 	100 	47 	54 	56 	86 	35 	62 	36 	74 	45 	76 	45 	68 	33 	79 	46 	45 	84 	76 	16 	71 	44 	74 	24 	24 	92 	60 	51 	36 	22 	24 	53 	89 	87 	3 	44 	51 	49 	69 	71 	80 	56 	46 	55 	54 	50 	48 	63 	89 	75 	81 	43 	42 	51 	70 	87 	71 	72 	-1 	86 	38 	88 	69 	95 	103 	75 	90 	31 	81 	10 	72 	21 	54 	85 	75 	74 	64 	56 	19 	71 	51 	65 	99 	
28 	48 	93 	113 	76 	17 	41 	72 	88 	94 	48 	74 	64 	40 	50 	4 	94 	81 	50 	112 	123 	6 	69 	76 	57 	12 	43 	17 	93 	20 	78 	37 	40 	60 	7 	73 	74 	72 	54 	92 	79 	64 	51 	39 	70 	51 	64 	66 	86 	87 	74 	84 	47 	109 	70 	60 	19 	52 	46 	110 	31 	80 	118 	37 	96 	80 	84 	16 	83 	79 	39 	25 	29 	84 	93 	86 	-1 	94 	60 	18 	14 	88 	73 	56 	81 	6 	86 	55 	75 	66 	2 	52 	62 	27 	37 	70 	38 	37 	21 	14 	
76 	59 	18 	20 	42 	87 	76 	77 	25 	39 	80 	28 	53 	60 	47 	91 	25 	74 	74 	20 	29 	91 	24 	35 	38 	85 	53 	90 	7 	74 	16 	71 	61 	76 	89 	51 	30 	45 	72 	40 	19 	52 	77 	56 	29 	46 	47 	55 	20 	58 	61 	35 	47 	16 	28 	50 	75 	65 	50 	17 	65 	25 	24 	64 	26 	61 	44 	83 	13 	17 	55 	87 	82 	40 	37 	38 	94 	-1 	69 	76 	97 	75 	49 	74 	13 	90 	49 	56 	56 	34 	93 	60 	54 	82 	57 	32 	64 	69 	76 	106 	
67 	70 	80 	88 	30 	43 	79 	102 	81 	46 	15 	69 	16 	27 	58 	56 	54 	22 	84 	81 	94 	54 	54 	36 	53 	60 	53 	70 	64 	48 	59 	23 	62 	93 	53 	22 	72 	26 	85 	43 	67 	79 	11 	35 	40 	58 	75 	83 	51 	31 	16 	85 	48 	79 	42 	20 	46 	10 	35 	85 	55 	45 	91 	63 	56 	23 	34 	43 	56 	54 	46 	74 	31 	37 	46 	88 	60 	69 	-1 	50 	53 	29 	24 	6 	64 	61 	95 	15 	92 	36 	58 	14 	16 	72 	41 	69 	26 	68 	59 	66 	
19 	34 	75 	95 	61 	19 	33 	62 	71 	79 	42 	57 	51 	26 	33 	16 	77 	72 	41 	94 	105 	16 	52 	60 	39 	11 	25 	20 	75 	3 	60 	28 	24 	51 	15 	59 	57 	58 	44 	76 	61 	49 	44 	22 	53 	34 	48 	51 	69 	75 	62 	68 	29 	91 	52 	46 	5 	41 	29 	93 	15 	63 	100 	23 	80 	69 	69 	14 	66 	61 	21 	23 	26 	69 	77 	69 	18 	76 	50 	-1 	25 	78 	60 	48 	64 	15 	71 	41 	62 	49 	17 	39 	49 	22 	20 	53 	25 	25 	9 	31 	
40 	59 	99 	117 	74 	11 	54 	85 	95 	92 	39 	81 	60 	40 	58 	12 	94 	73 	63 	115 	126 	10 	74 	75 	62 	24 	50 	31 	96 	26 	82 	32 	50 	73 	11 	69 	82 	70 	66 	89 	85 	74 	43 	41 	72 	59 	73 	76 	87 	82 	68 	93 	53 	112 	71 	58 	24 	47 	48 	114 	40 	81 	122 	48 	96 	75 	81 	15 	86 	82 	45 	38 	22 	82 	91 	95 	14 	97 	53 	25 	-1 	81 	70 	48 	86 	19 	96 	51 	86 	67 	13 	48 	59 	41 	41 	78 	36 	48 	32 	13 	
94 	94 	91 	90 	34 	72 	105 	125 	94 	39 	42 	85 	31 	53 	81 	84 	53 	7 	109 	80 	93 	83 	68 	42 	73 	89 	77 	98 	69 	76 	71 	51 	87 	117 	82 	27 	88 	33 	110 	37 	80 	100 	38 	61 	52 	80 	96 	104 	55 	17 	18 	100 	71 	80 	54 	37 	74 	37 	58 	87 	82 	51 	92 	88 	53 	15 	31 	72 	64 	63 	71 	101 	59 	35 	41 	103 	88 	75 	29 	78 	81 	-1 	29 	33 	75 	90 	112 	39 	112 	50 	87 	39 	33 	99 	67 	86 	53 	94 	86 	94 	
72 	68 	63 	66 	7 	60 	81 	98 	66 	23 	38 	56 	10 	33 	54 	70 	31 	26 	83 	58 	71 	69 	40 	14 	45 	71 	51 	79 	43 	57 	43 	38 	62 	91 	67 	2 	59 	4 	84 	20 	51 	73 	34 	38 	23 	53 	68 	76 	29 	16 	13 	71 	45 	57 	26 	13 	56 	24 	34 	63 	59 	24 	69 	64 	32 	14 	11 	58 	36 	35 	47 	81 	49 	13 	23 	75 	73 	49 	24 	60 	70 	29 	-1 	29 	47 	73 	83 	19 	84 	21 	72 	22 	12 	78 	43 	57 	35 	70 	66 	82 	
65 	70 	84 	93 	35 	39 	78 	102 	85 	52 	10 	72 	21 	26 	59 	52 	59 	25 	83 	86 	99 	50 	57 	41 	55 	57 	53 	67 	69 	45 	63 	20 	61 	93 	49 	28 	74 	31 	85 	49 	70 	80 	5 	35 	45 	59 	77 	84 	56 	37 	22 	87 	49 	84 	46 	24 	43 	11 	36 	89 	54 	50 	96 	62 	61 	28 	40 	39 	61 	58 	46 	71 	27 	43 	52 	90 	56 	74 	6 	48 	48 	33 	29 	-1 	68 	57 	97 	18 	93 	40 	54 	16 	21 	70 	41 	71 	24 	67 	56 	61 	
63 	46 	17 	31 	41 	76 	63 	66 	19 	44 	72 	16 	49 	50 	34 	79 	31 	73 	61 	33 	41 	79 	12 	33 	25 	72 	40 	77 	17 	62 	5 	62 	47 	64 	78 	48 	19 	43 	59 	44 	7 	40 	70 	45 	24 	33 	35 	43 	23 	59 	59 	27 	34 	29 	22 	44 	63 	58 	39 	29 	52 	24 	36 	50 	33 	60 	45 	72 	13 	12 	43 	74 	72 	41 	41 	31 	81 	13 	64 	64 	86 	75 	47 	68 	-1 	78 	40 	50 	46 	28 	80 	52 	48 	69 	45 	20 	55 	56 	64 	95 	
22 	43 	89 	109 	75 	21 	36 	66 	84 	93 	50 	69 	64 	40 	46 	8 	92 	82 	44 	109 	119 	10 	66 	74 	53 	6 	38 	11 	90 	17 	74 	38 	35 	54 	10 	73 	69 	72 	48 	91 	75 	59 	53 	37 	68 	47 	58 	60 	84 	88 	75 	79 	43 	106 	67 	60 	18 	53 	44 	107 	26 	78 	114 	32 	94 	81 	83 	18 	81 	76 	35 	19 	32 	83 	91 	81 	6 	90 	61 	15 	19 	90 	73 	57 	78 	-1 	81 	54 	70 	64 	6 	52 	62 	22 	35 	66 	38 	31 	15 	19 	
59 	38 	32 	55 	78 	89 	50 	34 	23 	84 	98 	27 	82 	72 	40 	85 	71 	108 	43 	64 	66 	87 	43 	71 	42 	74 	48 	74 	55 	70 	43 	84 	46 	39 	85 	85 	24 	79 	39 	84 	34 	22 	97 	64 	60 	40 	23 	21 	63 	98 	95 	14 	48 	61 	58 	76 	73 	86 	61 	55 	56 	64 	60 	49 	73 	97 	84 	83 	53 	52 	55 	68 	90 	81 	81 	10 	86 	49 	95 	71 	96 	112 	83 	97 	40 	81 	-1 	79 	13 	62 	86 	81 	81 	62 	60 	26 	76 	50 	65 	100 	
56 	56 	66 	76 	23 	41 	66 	88 	66 	41 	23 	54 	10 	15 	43 	51 	45 	33 	70 	70 	83 	50 	39 	26 	38 	52 	39 	61 	52 	39 	45 	19 	48 	79 	48 	18 	56 	19 	72 	38 	52 	64 	21 	22 	27 	43 	60 	68 	40 	33 	21 	69 	34 	68 	28 	7 	37 	8 	20 	72 	43 	34 	79 	50 	47 	27 	30 	39 	43 	40 	33 	64 	31 	31 	40 	72 	55 	56 	15 	41 	51 	39 	19 	18 	50 	54 	79 	-1 	77 	22 	53 	4 	8 	61 	28 	53 	17 	55 	48 	63 	
48 	28 	41 	66 	80 	81 	37 	22 	33 	88 	93 	30 	81 	67 	34 	75 	76 	108 	30 	73 	77 	77 	45 	72 	39 	64 	41 	63 	62 	61 	47 	78 	37 	26 	75 	85 	27 	80 	26 	87 	39 	13 	93 	59 	62 	34 	17 	10 	68 	99 	94 	23 	44 	70 	59 	75 	64 	83 	57 	66 	47 	67 	71 	39 	79 	98 	87 	75 	58 	55 	48 	56 	83 	83 	85 	21 	75 	56 	92 	62 	86 	112 	84 	93 	46 	70 	13 	77 	-1 	63 	75 	78 	80 	51 	54 	28 	71 	39 	55 	89 	
57 	49 	44 	54 	17 	56 	64 	78 	46 	31 	46 	36 	21 	27 	34 	63 	27 	46 	65 	49 	61 	63 	19 	12 	25 	60 	34 	68 	31 	47 	23 	37 	45 	72 	61 	22 	38 	17 	65 	29 	31 	52 	43 	27 	5 	33 	47 	56 	20 	36 	32 	51 	27 	47 	6 	16 	47 	30 	21 	51 	44 	14 	58 	47 	30 	35 	25 	52 	21 	18 	32 	68 	49 	23 	29 	54 	66 	34 	36 	49 	67 	50 	21 	40 	28 	64 	62 	22 	63 	-1 	65 	25 	20 	63 	30 	36 	31 	53 	53 	78 	
28 	48 	92 	112 	74 	16 	42 	72 	87 	93 	46 	73 	63 	39 	50 	2 	92 	79 	50 	111 	121 	4 	68 	74 	56 	12 	42 	18 	92 	19 	77 	36 	39 	60 	5 	71 	73 	71 	54 	90 	78 	64 	50 	38 	69 	51 	63 	65 	84 	86 	72 	84 	46 	108 	68 	59 	18 	50 	44 	109 	30 	79 	117 	37 	95 	79 	83 	15 	82 	78 	38 	25 	28 	83 	91 	85 	2 	93 	58 	17 	13 	87 	72 	54 	80 	6 	86 	53 	75 	65 	-1 	50 	60 	28 	36 	70 	36 	37 	20 	14 	
55 	56 	69 	79 	26 	38 	66 	88 	69 	44 	20 	56 	12 	14 	44 	48 	48 	33 	70 	74 	86 	47 	42 	29 	39 	50 	39 	59 	56 	37 	48 	16 	48 	79 	45 	21 	58 	22 	71 	42 	55 	65 	18 	22 	30 	44 	61 	69 	43 	36 	23 	72 	34 	71 	31 	11 	35 	5 	21 	76 	43 	37 	83 	49 	51 	29 	33 	36 	47 	43 	33 	62 	27 	34 	44 	75 	52 	60 	14 	39 	48 	39 	22 	16 	52 	52 	81 	4 	78 	25 	50 	-1 	10 	60 	28 	55 	14 	55 	47 	60 	
62 	61 	65 	72 	16 	48 	72 	92 	66 	34 	28 	55 	2 	23 	48 	59 	39 	28 	76 	66 	78 	57 	39 	20 	40 	60 	44 	69 	49 	46 	44 	26 	54 	84 	56 	11 	58 	12 	77 	31 	52 	68 	24 	29 	25 	47 	63 	71 	36 	26 	15 	71 	38 	64 	26 	5 	45 	13 	25 	69 	50 	29 	76 	55 	42 	20 	23 	46 	41 	38 	38 	71 	38 	24 	33 	74 	62 	54 	16 	49 	59 	33 	12 	21 	48 	62 	81 	8 	80 	20 	60 	10 	-1 	68 	34 	55 	24 	61 	56 	71 	
6 	26 	77 	100 	78 	39 	14 	44 	70 	94 	65 	57 	70 	46 	35 	29 	89 	93 	23 	102 	110 	31 	59 	75 	45 	16 	30 	12 	84 	24 	67 	50 	22 	33 	30 	78 	56 	75 	27 	92 	65 	41 	67 	39 	66 	36 	42 	42 	80 	94 	82 	64 	37 	98 	65 	65 	27 	62 	44 	98 	19 	76 	105 	19 	92 	88 	87 	35 	75 	70 	32 	6 	48 	85 	92 	64 	27 	82 	72 	22 	41 	99 	78 	70 	69 	22 	62 	61 	51 	63 	28 	60 	68 	-1 	34 	53 	46 	14 	13 	40 	
28 	29 	58 	76 	44 	32 	38 	61 	55 	60 	40 	40 	36 	15 	20 	35 	57 	61 	43 	75 	85 	35 	32 	41 	21 	30 	13 	37 	56 	17 	41 	24 	21 	52 	33 	44 	41 	41 	44 	58 	43 	41 	40 	6 	34 	20 	38 	44 	49 	60 	49 	54 	12 	72 	33 	31 	18 	31 	10 	73 	16 	44 	81 	22 	60 	55 	52 	27 	46 	42 	5 	38 	31 	51 	58 	56 	37 	57 	41 	20 	41 	67 	43 	41 	45 	35 	60 	28 	54 	30 	36 	28 	34 	34 	-1 	38 	17 	27 	23 	50 	
48 	28 	24 	47 	53 	69 	45 	47 	18 	60 	73 	4 	56 	48 	20 	69 	49 	82 	42 	51 	58 	70 	18 	45 	17 	60 	28 	63 	36 	52 	20 	60 	32 	44 	68 	58 	4 	53 	40 	60 	13 	20 	72 	41 	34 	19 	15 	23 	40 	72 	68 	17 	26 	48 	32 	50 	54 	61 	37 	46 	39 	39 	52 	35 	51 	71 	59 	64 	31 	28 	33 	58 	68 	56 	58 	19 	70 	32 	69 	53 	78 	86 	57 	71 	20 	66 	26 	53 	28 	36 	70 	55 	55 	53 	38 	-1 	52 	39 	50 	84 	
41 	46 	70 	84 	38 	25 	54 	78 	68 	57 	22 	54 	26 	4 	37 	35 	58 	47 	59 	81 	92 	33 	42 	39 	35 	36 	30 	45 	62 	23 	50 	8 	37 	69 	32 	35 	56 	35 	61 	54 	55 	58 	23 	12 	36 	37 	55 	61 	51 	50 	37 	69 	28 	78 	36 	22 	21 	16 	16 	81 	30 	45 	88 	38 	61 	43 	46 	22 	52 	48 	23 	48 	18 	47 	55 	71 	38 	64 	26 	25 	36 	53 	35 	24 	55 	38 	76 	17 	71 	31 	36 	14 	24 	46 	17 	52 	-1 	43 	33 	48 	
10 	12 	63 	86 	69 	44 	11 	37 	56 	84 	64 	43 	63 	41 	22 	37 	78 	88 	16 	88 	97 	39 	46 	65 	32 	25 	19 	25 	71 	25 	54 	48 	9 	27 	37 	70 	43 	67 	19 	82 	51 	28 	65 	33 	56 	23 	29 	29 	69 	86 	76 	50 	27 	85 	54 	58 	28 	58 	37 	84 	13 	65 	91 	6 	81 	82 	78 	39 	63 	58 	23 	19 	50 	76 	82 	51 	37 	69 	68 	25 	48 	94 	70 	67 	56 	31 	50 	55 	39 	53 	37 	55 	61 	14 	27 	39 	43 	-1 	17 	50 	
10 	28 	74 	95 	66 	28 	24 	54 	68 	83 	51 	54 	58 	33 	31 	20 	80 	80 	32 	95 	105 	22 	52 	64 	38 	9 	24 	14 	77 	11 	60 	37 	19 	42 	20 	66 	54 	64 	35 	81 	60 	43 	53 	27 	57 	32 	43 	45 	72 	82 	70 	64 	30 	92 	55 	52 	14 	49 	33 	93 	11 	66 	100 	17 	83 	76 	75 	23 	67 	63 	22 	15 	35 	74 	82 	65 	21 	76 	59 	9 	32 	86 	66 	56 	64 	15 	65 	48 	55 	53 	20 	47 	56 	13 	23 	50 	33 	17 	-1 	34 	
41 	62 	106 	126 	86 	23 	54 	84 	102 	104 	52 	88 	73 	51 	64 	15 	105 	86 	62 	125 	135 	15 	82 	86 	70 	25 	56 	28 	106 	33 	91 	45 	53 	72 	17 	82 	88 	82 	66 	101 	92 	78 	56 	51 	82 	65 	77 	79 	97 	95 	81 	98 	60 	122 	81 	70 	32 	59 	58 	123 	45 	91 	131 	51 	108 	88 	93 	25 	96 	91 	52 	36 	34 	94 	103 	99 	14 	106 	66 	31 	13 	94 	82 	61 	95 	19 	100 	63 	89 	78 	14 	60 	71 	40 	50 	84 	48 	50 	34 	-1 	
