-1 	34 	23 	21 	35 	19 	20 	49 	33 	75 	29 	28 	48 	72 	87 	63 	50 	53 	74 	27 	45 	68 	49 	84 	50 	9 	34 	10 	49 	76 	14 	19 	73 	43 	9 	17 	57 	68 	46 	61 	88 	56 	18 	7 	46 	51 	39 	75 	37 	25 	43 	71 	78 	50 	31 	52 	45 	42 	51 	45 	52 	12 	47 	39 	44 	13 	60 	21 	75 	11 	83 	18 	65 	53 	32 	70 	51 	37 	27 	82 	50 	87 	43 	13 	18 	35 	28 	78 	52 	87 	16 	36 	84 	5 	54 	64 	43 	16 	36 	72 	
34 	-1 	23 	15 	69 	44 	18 	60 	51 	98 	10 	22 	22 	97 	101 	90 	51 	62 	78 	31 	79 	91 	68 	98 	82 	42 	63 	42 	82 	94 	20 	48 	91 	27 	25 	33 	32 	72 	79 	73 	69 	86 	45 	41 	78 	33 	45 	61 	16 	59 	55 	62 	91 	62 	24 	84 	49 	65 	55 	77 	54 	22 	81 	57 	60 	46 	38 	25 	87 	41 	92 	45 	84 	77 	63 	59 	32 	14 	61 	95 	66 	70 	26 	28 	48 	69 	15 	71 	28 	98 	44 	67 	100 	30 	67 	91 	47 	45 	48 	74 	
23 	23 	-1 	10 	52 	23 	8 	37 	28 	74 	13 	5 	28 	74 	79 	67 	32 	40 	59 	8 	63 	68 	45 	75 	63 	27 	42 	33 	65 	71 	17 	42 	68 	21 	18 	12 	35 	52 	61 	51 	65 	65 	25 	28 	58 	28 	24 	53 	36 	44 	32 	50 	68 	39 	37 	65 	28 	42 	34 	59 	35 	17 	66 	34 	37 	29 	38 	31 	65 	33 	71 	24 	61 	54 	43 	48 	29 	35 	44 	72 	42 	65 	21 	10 	40 	54 	29 	58 	31 	76 	38 	47 	77 	23 	44 	69 	27 	38 	25 	56 	
21 	15 	10 	-1 	55 	29 	3 	47 	37 	83 	7 	12 	27 	82 	89 	75 	42 	50 	69 	19 	65 	77 	54 	85 	68 	28 	48 	31 	68 	81 	9 	38 	78 	25 	13 	19 	37 	62 	65 	61 	71 	71 	30 	28 	63 	33 	34 	59 	26 	45 	42 	58 	78 	49 	27 	70 	38 	51 	44 	63 	45 	10 	68 	43 	47 	31 	41 	22 	75 	30 	81 	30 	71 	63 	48 	55 	33 	25 	47 	83 	52 	70 	25 	13 	38 	56 	19 	66 	32 	86 	34 	52 	87 	19 	54 	77 	37 	35 	35 	66 	
35 	69 	52 	55 	-1 	32 	53 	56 	41 	60 	62 	57 	80 	54 	81 	43 	65 	60 	81 	52 	11 	52 	46 	80 	17 	27 	21 	28 	14 	67 	49 	29 	65 	72 	44 	41 	87 	78 	12 	63 	112 	30 	29 	28 	18 	79 	55 	98 	71 	11 	52 	91 	74 	57 	63 	21 	61 	36 	64 	13 	67 	47 	14 	42 	48 	23 	89 	53 	73 	31 	83 	30 	57 	40 	17 	91 	80 	72 	8 	78 	51 	111 	72 	43 	27 	6 	62 	95 	83 	86 	32 	16 	76 	39 	57 	42 	59 	30 	49 	81 	
19 	44 	23 	29 	32 	-1 	27 	31 	15 	57 	35 	27 	51 	54 	68 	46 	36 	35 	57 	21 	42 	49 	30 	65 	41 	14 	19 	25 	43 	57 	28 	34 	54 	41 	24 	11 	57 	52 	39 	43 	81 	42 	3 	18 	35 	48 	25 	67 	53 	27 	26 	60 	58 	32 	49 	42 	31 	23 	36 	36 	38 	26 	46 	20 	25 	13 	58 	40 	56 	27 	64 	2 	46 	35 	20 	60 	49 	52 	25 	62 	31 	80 	42 	16 	31 	35 	44 	65 	53 	68 	32 	24 	64 	24 	35 	48 	29 	31 	20 	56 	
20 	18 	8 	3 	53 	27 	-1 	45 	35 	81 	9 	11 	29 	80 	87 	72 	40 	48 	67 	17 	63 	74 	51 	83 	65 	26 	46 	30 	66 	78 	10 	38 	75 	25 	12 	16 	38 	60 	62 	58 	71 	69 	28 	26 	61 	33 	32 	59 	28 	44 	40 	57 	76 	47 	29 	67 	36 	48 	43 	61 	43 	10 	66 	41 	44 	29 	41 	23 	73 	29 	79 	27 	68 	60 	46 	55 	33 	27 	45 	80 	50 	70 	25 	11 	37 	54 	21 	65 	33 	84 	33 	50 	84 	18 	52 	74 	35 	34 	32 	64 	
49 	60 	37 	47 	56 	31 	45 	-1 	16 	42 	49 	37 	54 	45 	42 	43 	15 	5 	26 	29 	64 	39 	16 	38 	56 	45 	35 	56 	62 	35 	52 	64 	33 	41 	50 	33 	54 	22 	58 	13 	63 	48 	33 	48 	49 	43 	14 	48 	73 	55 	5 	38 	31 	2 	74 	56 	14 	23 	12 	54 	15 	51 	69 	14 	9 	44 	52 	66 	28 	57 	34 	33 	27 	29 	39 	40 	45 	72 	51 	35 	9 	61 	42 	39 	62 	61 	66 	40 	52 	39 	62 	42 	40 	53 	8 	46 	14 	62 	13 	25 	
33 	51 	28 	37 	41 	15 	35 	16 	-1 	46 	41 	30 	52 	46 	54 	40 	25 	21 	42 	21 	50 	40 	17 	51 	44 	28 	22 	39 	49 	44 	39 	48 	41 	40 	37 	20 	55 	38 	45 	28 	73 	41 	17 	32 	37 	45 	15 	58 	63 	39 	12 	50 	44 	18 	61 	45 	21 	15 	24 	41 	26 	38 	55 	6 	11 	27 	55 	52 	41 	41 	49 	16 	34 	27 	25 	51 	46 	62 	35 	48 	17 	71 	41 	26 	46 	45 	54 	54 	52 	54 	46 	28 	51 	38 	20 	42 	19 	45 	8 	42 	
75 	98 	74 	83 	60 	57 	81 	42 	46 	-1 	87 	76 	96 	8 	28 	18 	57 	43 	48 	67 	61 	8 	30 	29 	47 	67 	43 	77 	56 	15 	84 	83 	15 	83 	81 	65 	97 	51 	53 	34 	101 	32 	57 	71 	42 	85 	55 	86 	109 	66 	45 	76 	28 	41 	106 	44 	56 	33 	53 	49 	56 	83 	66 	41 	38 	64 	94 	96 	30 	79 	38 	57 	15 	22 	47 	79 	87 	108 	61 	28 	34 	99 	84 	71 	80 	65 	100 	73 	94 	37 	83 	45 	21 	80 	35 	20 	56 	82 	51 	52 	
29 	10 	13 	7 	62 	35 	9 	49 	41 	87 	-1 	12 	20 	87 	91 	80 	42 	52 	69 	21 	73 	81 	58 	87 	75 	35 	55 	38 	75 	84 	16 	46 	81 	20 	21 	24 	30 	62 	72 	62 	65 	77 	37 	35 	70 	27 	35 	55 	25 	53 	44 	54 	80 	51 	30 	76 	39 	55 	44 	70 	44 	18 	75 	47 	50 	39 	34 	27 	77 	38 	82 	36 	74 	67 	55 	51 	27 	23 	54 	84 	55 	65 	19 	20 	45 	63 	20 	63 	25 	87 	41 	59 	89 	26 	56 	82 	37 	42 	37 	65 	
28 	22 	5 	12 	57 	27 	11 	37 	30 	76 	12 	-1 	23 	76 	79 	70 	30 	40 	57 	9 	68 	70 	46 	75 	68 	32 	46 	38 	70 	72 	20 	47 	69 	16 	22 	16 	30 	51 	66 	51 	61 	68 	30 	33 	62 	23 	23 	48 	37 	50 	33 	46 	68 	39 	39 	69 	27 	45 	33 	63 	33 	21 	71 	36 	38 	34 	33 	34 	65 	38 	70 	29 	62 	57 	47 	44 	24 	35 	49 	72 	44 	60 	16 	15 	45 	59 	30 	54 	26 	76 	43 	51 	77 	28 	45 	72 	25 	43 	26 	54 	
48 	22 	28 	27 	80 	51 	29 	54 	52 	96 	20 	23 	-1 	97 	93 	92 	41 	55 	66 	31 	91 	91 	66 	89 	91 	54 	70 	58 	93 	89 	36 	66 	87 	13 	41 	40 	10 	59 	89 	66 	48 	91 	53 	54 	85 	15 	40 	41 	37 	72 	50 	44 	82 	56 	45 	92 	40 	67 	45 	87 	43 	38 	94 	56 	58 	57 	16 	45 	79 	58 	82 	52 	81 	78 	70 	40 	13 	34 	72 	86 	62 	48 	12 	37 	65 	82 	36 	54 	6 	88 	61 	75 	93 	46 	61 	94 	40 	62 	45 	62 	
72 	97 	74 	82 	54 	54 	80 	45 	46 	8 	87 	76 	97 	-1 	35 	11 	59 	46 	54 	67 	54 	6 	30 	36 	41 	64 	39 	73 	49 	22 	82 	79 	21 	84 	79 	64 	98 	56 	46 	39 	105 	25 	54 	68 	36 	87 	56 	90 	107 	61 	47 	80 	35 	43 	103 	37 	58 	32 	56 	42 	59 	80 	59 	40 	39 	61 	96 	93 	36 	75 	45 	55 	19 	20 	42 	83 	89 	106 	55 	36 	36 	103 	85 	70 	76 	59 	98 	78 	96 	44 	79 	40 	29 	78 	38 	13 	58 	77 	51 	58 	
87 	101 	79 	89 	81 	68 	87 	42 	54 	28 	91 	79 	93 	35 	-1 	44 	52 	39 	31 	70 	85 	33 	39 	4 	72 	81 	61 	92 	80 	14 	92 	100 	17 	80 	91 	73 	91 	37 	77 	28 	85 	58 	70 	85 	66 	80 	56 	72 	115 	85 	47 	62 	11 	40 	115 	69 	53 	48 	48 	72 	50 	91 	90 	48 	43 	79 	87 	106 	14 	94 	15 	69 	24 	41 	65 	66 	82 	114 	80 	7 	37 	83 	81 	80 	97 	87 	107 	56 	90 	11 	99 	65 	7 	92 	35 	47 	54 	97 	54 	36 	
63 	90 	67 	75 	43 	46 	72 	43 	40 	18 	80 	70 	92 	11 	44 	-1 	58 	45 	57 	61 	44 	11 	27 	44 	30 	55 	29 	63 	38 	30 	74 	68 	28 	80 	70 	57 	95 	58 	35 	40 	105 	14 	46 	58 	25 	83 	53 	90 	99 	51 	44 	80 	41 	42 	95 	27 	56 	25 	55 	31 	58 	72 	48 	35 	36 	51 	93 	85 	41 	66 	51 	46 	23 	14 	32 	82 	85 	99 	45 	43 	34 	103 	80 	62 	66 	48 	90 	79 	92 	52 	69 	30 	37 	69 	38 	3 	55 	67 	47 	60 	
50 	51 	32 	42 	65 	36 	40 	15 	25 	57 	42 	30 	41 	59 	52 	58 	-1 	14 	27 	24 	75 	54 	30 	48 	68 	48 	46 	58 	74 	48 	48 	68 	46 	29 	49 	33 	40 	20 	69 	24 	49 	62 	39 	51 	61 	29 	11 	34 	67 	62 	15 	26 	41 	16 	69 	68 	4 	36 	4 	65 	3 	48 	79 	25 	22 	48 	37 	63 	38 	60 	41 	38 	42 	44 	49 	26 	31 	65 	59 	45 	24 	47 	30 	37 	65 	70 	60 	30 	39 	47 	65 	53 	52 	52 	22 	60 	7 	64 	17 	24 	
53 	62 	40 	50 	60 	35 	48 	5 	21 	43 	52 	40 	55 	46 	39 	45 	14 	-1 	21 	32 	69 	40 	19 	36 	60 	49 	40 	60 	66 	35 	55 	69 	32 	42 	54 	37 	54 	18 	62 	11 	60 	52 	38 	53 	53 	43 	17 	45 	76 	60 	10 	35 	29 	4 	77 	59 	14 	27 	10 	58 	13 	54 	73 	18 	13 	48 	51 	69 	25 	62 	31 	37 	28 	32 	44 	37 	44 	75 	56 	33 	12 	58 	43 	43 	66 	65 	69 	36 	52 	36 	67 	46 	38 	57 	8 	48 	15 	66 	17 	21 	
74 	78 	59 	69 	81 	57 	67 	26 	42 	48 	69 	57 	66 	54 	31 	57 	27 	21 	-1 	50 	88 	49 	36 	27 	78 	70 	60 	81 	85 	35 	75 	90 	34 	54 	74 	57 	63 	7 	81 	18 	55 	67 	59 	74 	71 	52 	36 	42 	94 	81 	31 	31 	22 	25 	96 	77 	30 	45 	24 	76 	24 	74 	93 	39 	33 	70 	58 	89 	19 	83 	17 	59 	35 	47 	64 	35 	54 	92 	77 	25 	29 	52 	55 	63 	88 	86 	87 	25 	62 	22 	88 	65 	33 	77 	24 	60 	32 	87 	38 	5 	
27 	31 	8 	19 	52 	21 	17 	29 	21 	67 	21 	9 	31 	67 	70 	61 	24 	32 	50 	-1 	63 	61 	37 	67 	61 	29 	39 	37 	63 	63 	24 	46 	60 	21 	25 	12 	36 	44 	59 	42 	62 	60 	23 	31 	55 	27 	15 	48 	45 	46 	24 	44 	60 	31 	46 	62 	20 	36 	26 	57 	27 	24 	66 	27 	29 	30 	37 	39 	57 	38 	62 	22 	53 	48 	40 	43 	28 	43 	44 	64 	35 	61 	21 	14 	44 	55 	37 	51 	32 	68 	43 	44 	69 	29 	36 	63 	18 	43 	17 	48 	
45 	79 	63 	65 	11 	42 	63 	64 	50 	61 	73 	68 	91 	54 	85 	44 	75 	69 	88 	63 	-1 	53 	52 	84 	14 	37 	29 	38 	6 	71 	59 	37 	68 	83 	54 	52 	98 	86 	9 	70 	122 	30 	39 	38 	19 	89 	64 	107 	81 	21 	61 	100 	79 	65 	72 	18 	71 	43 	73 	13 	76 	57 	5 	51 	56 	34 	100 	63 	78 	40 	88 	40 	61 	44 	25 	100 	90 	82 	19 	82 	59 	121 	83 	54 	35 	11 	72 	103 	94 	91 	41 	23 	79 	50 	64 	42 	68 	38 	58 	89 	
68 	91 	68 	77 	52 	49 	74 	39 	40 	8 	81 	70 	91 	6 	33 	11 	54 	40 	49 	61 	53 	-1 	24 	33 	40 	60 	35 	69 	48 	19 	77 	75 	18 	78 	74 	59 	92 	51 	45 	33 	100 	25 	50 	63 	34 	81 	51 	85 	102 	58 	41 	74 	31 	37 	99 	37 	52 	26 	50 	41 	53 	76 	58 	35 	33 	56 	90 	89 	32 	72 	41 	50 	14 	15 	39 	77 	83 	101 	53 	32 	30 	97 	79 	65 	72 	57 	93 	72 	90 	41 	76 	37 	27 	73 	32 	14 	52 	74 	46 	52 	
49 	68 	45 	54 	46 	30 	51 	16 	17 	30 	58 	46 	66 	30 	39 	27 	30 	19 	36 	37 	52 	24 	-1 	36 	43 	42 	25 	53 	50 	28 	56 	61 	25 	54 	53 	36 	68 	34 	45 	18 	79 	33 	31 	46 	35 	57 	26 	63 	80 	48 	16 	54 	30 	15 	78 	41 	29 	10 	28 	41 	31 	54 	57 	11 	9 	40 	66 	69 	28 	55 	37 	31 	17 	14 	29 	56 	59 	79 	43 	34 	7 	77 	55 	43 	58 	51 	71 	54 	65 	41 	60 	30 	35 	54 	12 	30 	28 	59 	21 	37 	
84 	98 	75 	85 	80 	65 	83 	38 	51 	29 	87 	75 	89 	36 	4 	44 	48 	36 	27 	67 	84 	33 	36 	-1 	71 	78 	59 	89 	80 	14 	89 	97 	16 	77 	87 	70 	87 	33 	76 	25 	81 	57 	67 	82 	65 	76 	52 	68 	111 	83 	43 	58 	7 	36 	111 	69 	49 	45 	44 	71 	46 	88 	89 	45 	40 	76 	83 	103 	10 	91 	11 	66 	23 	40 	64 	62 	78 	110 	78 	3 	34 	79 	77 	76 	94 	85 	104 	52 	86 	9 	96 	64 	8 	89 	31 	47 	50 	95 	51 	32 	
50 	82 	63 	68 	17 	41 	65 	56 	44 	47 	75 	68 	91 	41 	72 	30 	68 	60 	78 	61 	14 	40 	43 	71 	-1 	41 	23 	45 	8 	58 	63 	47 	56 	81 	58 	52 	97 	77 	6 	60 	117 	16 	38 	43 	8 	87 	59 	102 	86 	28 	54 	94 	67 	56 	79 	4 	65 	34 	67 	5 	70 	61 	18 	44 	48 	37 	98 	69 	67 	47 	77 	39 	49 	32 	21 	95 	89 	87 	24 	70 	49 	116 	82 	55 	44 	22 	77 	96 	93 	79 	49 	17 	66 	55 	55 	28 	63 	47 	53 	80 	
9 	42 	27 	28 	27 	14 	26 	45 	28 	67 	35 	32 	54 	64 	81 	55 	48 	49 	70 	29 	37 	60 	42 	78 	41 	-1 	25 	11 	40 	70 	22 	20 	67 	47 	17 	17 	62 	66 	37 	56 	91 	47 	12 	4 	37 	55 	37 	77 	46 	18 	39 	72 	72 	46 	40 	43 	44 	35 	49 	36 	51 	20 	40 	33 	39 	4 	64 	30 	69 	13 	78 	12 	58 	45 	23 	71 	55 	46 	19 	76 	45 	90 	47 	17 	17 	28 	37 	78 	57 	82 	18 	27 	77 	14 	49 	55 	42 	17 	33 	69 	
34 	63 	42 	48 	21 	19 	46 	35 	22 	43 	55 	46 	70 	39 	61 	29 	46 	40 	60 	39 	29 	35 	25 	59 	23 	25 	-1 	34 	27 	48 	46 	40 	45 	59 	41 	31 	75 	57 	23 	42 	95 	23 	18 	29 	16 	65 	37 	80 	70 	24 	32 	72 	54 	36 	65 	23 	43 	15 	45 	19 	48 	44 	34 	22 	27 	22 	75 	55 	52 	36 	62 	19 	37 	21 	4 	73 	66 	70 	19 	57 	30 	93 	60 	35 	37 	27 	61 	75 	71 	65 	40 	6 	56 	39 	36 	30 	41 	38 	30 	60 	
10 	42 	33 	31 	28 	25 	30 	56 	39 	77 	38 	38 	58 	73 	92 	63 	58 	60 	81 	37 	38 	69 	53 	89 	45 	11 	34 	-1 	42 	80 	23 	9 	77 	54 	18 	26 	67 	76 	40 	67 	98 	54 	22 	7 	43 	61 	47 	85 	43 	17 	50 	81 	83 	57 	35 	48 	54 	45 	59 	40 	61 	21 	40 	44 	50 	13 	70 	25 	80 	3 	89 	23 	69 	55 	31 	80 	62 	44 	21 	87 	56 	98 	54 	23 	7 	27 	34 	87 	63 	93 	7 	34 	88 	12 	60 	63 	52 	6 	44 	80 	
49 	82 	65 	68 	14 	43 	66 	62 	49 	56 	75 	70 	93 	49 	80 	38 	74 	66 	85 	63 	6 	48 	50 	80 	8 	40 	27 	42 	-1 	66 	62 	42 	64 	84 	57 	53 	99 	83 	5 	67 	122 	24 	40 	42 	15 	90 	64 	107 	85 	25 	59 	99 	75 	63 	77 	12 	70 	40 	72 	9 	75 	60 	10 	49 	54 	37 	101 	67 	75 	44 	84 	41 	57 	40 	24 	100 	91 	86 	22 	78 	56 	120 	84 	56 	40 	16 	76 	102 	95 	87 	45 	21 	74 	53 	61 	36 	68 	43 	57 	86 	
76 	94 	71 	81 	67 	57 	78 	35 	44 	15 	84 	72 	89 	22 	14 	30 	48 	35 	35 	63 	71 	19 	28 	14 	58 	70 	48 	80 	66 	-1 	83 	87 	3 	76 	81 	64 	89 	39 	62 	24 	89 	43 	58 	74 	51 	77 	49 	75 	107 	72 	39 	64 	14 	34 	105 	55 	49 	35 	45 	58 	47 	82 	76 	38 	34 	67 	85 	96 	15 	82 	23 	58 	11 	27 	52 	67 	79 	106 	67 	14 	29 	86 	77 	70 	84 	73 	99 	60 	87 	23 	87 	52 	8 	81 	28 	33 	49 	85 	46 	39 	
14 	20 	17 	9 	49 	28 	10 	52 	39 	84 	16 	20 	36 	82 	92 	74 	48 	55 	75 	24 	59 	77 	56 	89 	63 	22 	46 	23 	62 	83 	-1 	29 	80 	34 	5 	19 	46 	69 	59 	65 	80 	68 	28 	21 	59 	42 	39 	69 	25 	39 	46 	67 	82 	53 	22 	65 	45 	51 	51 	58 	51 	2 	61 	45 	50 	26 	50 	15 	79 	22 	86 	28 	72 	62 	45 	64 	42 	25 	41 	86 	55 	80 	34 	13 	29 	49 	16 	75 	41 	91 	25 	49 	90 	10 	58 	75 	43 	26 	39 	72 	
19 	48 	42 	38 	29 	34 	38 	64 	48 	83 	46 	47 	66 	79 	100 	68 	68 	69 	90 	46 	37 	75 	61 	97 	47 	20 	40 	9 	42 	87 	29 	-1 	84 	62 	25 	35 	75 	85 	41 	76 	107 	58 	31 	16 	46 	70 	57 	94 	45 	19 	59 	90 	91 	66 	36 	50 	63 	52 	68 	42 	70 	28 	37 	53 	59 	21 	79 	27 	88 	8 	97 	32 	76 	61 	37 	89 	70 	47 	24 	95 	64 	107 	62 	32 	3 	26 	38 	97 	70 	101 	4 	39 	95 	19 	68 	68 	61 	3 	53 	89 	
73 	91 	68 	78 	65 	54 	75 	33 	41 	15 	81 	69 	87 	21 	17 	28 	46 	32 	34 	60 	68 	18 	25 	16 	56 	67 	45 	77 	64 	3 	80 	84 	-1 	74 	78 	61 	86 	37 	60 	22 	87 	41 	55 	71 	49 	75 	47 	73 	104 	70 	37 	63 	14 	31 	103 	53 	46 	32 	42 	56 	45 	79 	73 	35 	31 	64 	83 	94 	15 	79 	24 	55 	8 	25 	49 	66 	77 	103 	64 	15 	26 	85 	75 	67 	82 	71 	96 	59 	84 	24 	84 	49 	11 	78 	25 	31 	46 	82 	44 	38 	
43 	27 	21 	25 	72 	41 	25 	41 	40 	83 	20 	16 	13 	84 	80 	80 	29 	42 	54 	21 	83 	78 	54 	77 	81 	47 	59 	54 	84 	76 	34 	62 	74 	-1 	37 	31 	16 	47 	80 	53 	46 	80 	44 	49 	75 	8 	28 	35 	43 	65 	38 	35 	70 	43 	49 	82 	28 	55 	32 	77 	31 	35 	86 	44 	45 	50 	17 	46 	66 	54 	69 	43 	68 	66 	61 	32 	8 	41 	65 	74 	49 	45 	1 	31 	61 	75 	40 	45 	12 	75 	58 	65 	80 	43 	48 	82 	27 	59 	33 	50 	
9 	25 	18 	13 	44 	24 	12 	50 	37 	81 	21 	22 	41 	79 	91 	70 	49 	54 	74 	25 	54 	74 	53 	87 	58 	17 	41 	18 	57 	81 	5 	25 	78 	37 	-1 	18 	50 	68 	54 	63 	83 	64 	24 	16 	54 	45 	39 	71 	29 	34 	45 	68 	80 	52 	25 	61 	45 	47 	50 	53 	51 	3 	56 	43 	47 	21 	54 	16 	78 	17 	85 	24 	70 	59 	40 	66 	45 	29 	36 	85 	53 	82 	37 	11 	24 	44 	20 	76 	45 	90 	21 	44 	87 	6 	56 	71 	42 	22 	37 	72 	
17 	33 	12 	19 	41 	11 	16 	33 	20 	65 	24 	16 	40 	64 	73 	57 	33 	37 	57 	12 	52 	59 	36 	70 	52 	17 	31 	26 	53 	64 	19 	35 	61 	31 	18 	-1 	46 	52 	49 	46 	73 	53 	13 	20 	46 	38 	22 	60 	43 	34 	27 	55 	63 	35 	42 	53 	28 	32 	34 	47 	35 	18 	55 	26 	30 	19 	48 	33 	60 	27 	67 	12 	53 	44 	31 	54 	39 	43 	33 	67 	36 	72 	31 	6 	33 	44 	35 	61 	42 	72 	32 	35 	70 	20 	39 	58 	26 	32 	20 	55 	
57 	32 	35 	37 	87 	57 	38 	54 	55 	97 	30 	30 	10 	98 	91 	95 	40 	54 	63 	36 	98 	92 	68 	87 	97 	62 	75 	67 	99 	89 	46 	75 	86 	16 	50 	46 	-1 	56 	95 	65 	37 	96 	59 	63 	91 	12 	42 	32 	47 	80 	52 	37 	81 	56 	56 	98 	40 	70 	44 	93 	42 	47 	102 	59 	59 	65 	7 	56 	77 	67 	79 	58 	81 	81 	76 	32 	10 	44 	80 	84 	63 	38 	15 	45 	74 	90 	47 	47 	5 	84 	71 	80 	92 	56 	61 	97 	41 	72 	48 	57 	
68 	72 	52 	62 	78 	52 	60 	22 	38 	51 	62 	51 	59 	56 	37 	58 	20 	18 	7 	44 	86 	51 	34 	33 	77 	66 	57 	76 	83 	39 	69 	85 	37 	47 	68 	52 	56 	-1 	79 	18 	50 	67 	55 	69 	69 	45 	30 	36 	87 	77 	27 	25 	27 	21 	90 	76 	24 	44 	18 	75 	18 	68 	91 	36 	30 	65 	51 	83 	24 	78 	23 	54 	37 	47 	61 	29 	47 	85 	73 	30 	27 	48 	48 	57 	83 	83 	81 	22 	55 	29 	83 	63 	39 	72 	22 	61 	26 	82 	33 	3 	
46 	79 	61 	65 	12 	39 	62 	58 	45 	53 	72 	66 	89 	46 	77 	35 	69 	62 	81 	59 	9 	45 	45 	76 	6 	37 	23 	40 	5 	62 	59 	41 	60 	80 	54 	49 	95 	79 	-1 	63 	117 	21 	36 	39 	11 	86 	59 	102 	82 	23 	55 	95 	71 	58 	75 	10 	65 	35 	68 	4 	71 	57 	13 	45 	49 	33 	96 	65 	70 	42 	80 	37 	53 	36 	20 	95 	87 	83 	19 	74 	52 	116 	80 	52 	39 	16 	73 	97 	91 	82 	44 	16 	71 	50 	57 	33 	63 	42 	53 	82 	
61 	73 	51 	61 	63 	43 	58 	13 	28 	34 	62 	51 	66 	39 	28 	40 	24 	11 	18 	42 	70 	33 	18 	25 	60 	56 	42 	67 	67 	24 	65 	76 	22 	53 	63 	46 	65 	18 	63 	-1 	67 	49 	45 	60 	53 	53 	27 	52 	87 	65 	19 	42 	18 	12 	87 	59 	25 	28 	21 	59 	23 	64 	75 	23 	17 	55 	61 	79 	14 	69 	21 	44 	19 	29 	46 	44 	55 	85 	60 	22 	12 	65 	54 	52 	73 	69 	79 	40 	63 	26 	74 	48 	27 	65 	8 	43 	26 	73 	26 	20 	
88 	69 	65 	71 	112 	81 	71 	63 	73 	101 	65 	61 	48 	105 	85 	105 	49 	60 	55 	62 	122 	100 	79 	81 	117 	91 	95 	98 	122 	89 	80 	107 	87 	46 	83 	73 	37 	50 	117 	67 	-1 	111 	84 	92 	110 	38 	58 	15 	85 	107 	64 	25 	77 	64 	93 	117 	52 	85 	51 	114 	48 	81 	127 	74 	71 	92 	31 	92 	74 	99 	71 	83 	86 	92 	98 	23 	38 	82 	105 	79 	72 	3 	46 	75 	106 	116 	83 	30 	41 	75 	103 	101 	88 	88 	68 	109 	54 	104 	65 	50 	
56 	86 	65 	71 	30 	42 	69 	48 	41 	32 	77 	68 	91 	25 	58 	14 	62 	52 	67 	60 	30 	25 	33 	57 	16 	47 	23 	54 	24 	43 	68 	58 	41 	80 	64 	53 	96 	67 	21 	49 	111 	-1 	41 	50 	12 	85 	55 	96 	93 	39 	48 	87 	54 	48 	87 	12 	60 	27 	60 	18 	63 	67 	34 	38 	40 	43 	95 	77 	54 	57 	63 	42 	35 	20 	24 	88 	87 	93 	34 	56 	40 	109 	81 	58 	55 	36 	84 	87 	92 	65 	59 	20 	51 	62 	45 	12 	58 	57 	49 	70 	
18 	45 	25 	30 	29 	3 	28 	33 	17 	57 	37 	30 	53 	54 	70 	46 	39 	38 	59 	23 	39 	50 	31 	67 	38 	12 	18 	22 	40 	58 	28 	31 	55 	44 	24 	13 	59 	55 	36 	45 	84 	41 	-1 	16 	33 	50 	28 	70 	53 	24 	28 	64 	60 	35 	49 	40 	35 	24 	39 	34 	41 	26 	43 	22 	28 	10 	61 	39 	58 	25 	66 	1 	47 	35 	18 	63 	51 	53 	21 	64 	33 	83 	44 	17 	28 	32 	44 	69 	55 	71 	29 	22 	66 	23 	37 	47 	32 	28 	23 	58 	
7 	41 	28 	28 	28 	18 	26 	48 	32 	71 	35 	33 	54 	68 	85 	58 	51 	53 	74 	31 	38 	63 	46 	82 	43 	4 	29 	7 	42 	74 	21 	16 	71 	49 	16 	20 	63 	69 	39 	60 	92 	50 	16 	-1 	40 	56 	40 	79 	44 	18 	43 	75 	76 	50 	37 	45 	47 	38 	52 	38 	54 	19 	41 	37 	43 	7 	66 	27 	73 	9 	82 	16 	62 	49 	27 	73 	57 	44 	20 	80 	49 	92 	49 	18 	14 	28 	35 	81 	58 	86 	14 	30 	81 	12 	53 	59 	45 	13 	36 	73 	
46 	78 	58 	63 	18 	35 	61 	49 	37 	42 	70 	62 	85 	36 	66 	25 	61 	53 	71 	55 	19 	34 	35 	65 	8 	37 	16 	43 	15 	51 	59 	46 	49 	75 	54 	46 	91 	69 	11 	53 	110 	12 	33 	40 	-1 	81 	52 	95 	83 	28 	46 	87 	60 	49 	77 	7 	58 	26 	59 	7 	62 	57 	24 	36 	40 	33 	91 	67 	60 	45 	69 	34 	42 	25 	15 	87 	82 	84 	22 	63 	42 	108 	76 	50 	44 	24 	74 	88 	87 	72 	48 	11 	60 	51 	47 	23 	56 	46 	46 	72 	
51 	33 	28 	33 	79 	48 	33 	43 	45 	85 	27 	23 	15 	87 	80 	83 	29 	43 	52 	27 	89 	81 	57 	76 	87 	55 	65 	61 	90 	77 	42 	70 	75 	8 	45 	38 	12 	45 	86 	53 	38 	85 	50 	56 	81 	-1 	31 	28 	50 	72 	40 	29 	69 	44 	56 	88 	29 	59 	32 	83 	30 	43 	93 	48 	48 	57 	10 	54 	66 	61 	68 	49 	70 	70 	66 	26 	2 	47 	71 	73 	51 	38 	8 	38 	68 	82 	47 	39 	10 	74 	66 	71 	80 	51 	50 	86 	29 	66 	37 	47 	
39 	45 	24 	34 	55 	25 	32 	14 	15 	55 	35 	23 	40 	56 	56 	53 	11 	17 	36 	15 	64 	51 	26 	52 	59 	37 	37 	47 	64 	49 	39 	57 	47 	28 	39 	22 	42 	30 	59 	27 	58 	55 	28 	40 	52 	31 	-1 	43 	60 	51 	10 	36 	45 	16 	61 	60 	7 	29 	12 	56 	14 	38 	69 	18 	17 	37 	41 	54 	42 	49 	47 	27 	41 	39 	40 	36 	32 	58 	48 	49 	22 	57 	28 	27 	54 	59 	52 	41 	39 	53 	54 	43 	54 	42 	22 	55 	4 	53 	7 	33 	
75 	61 	53 	59 	98 	67 	59 	48 	58 	86 	55 	48 	41 	90 	72 	90 	34 	45 	42 	48 	107 	85 	63 	68 	102 	77 	80 	85 	107 	75 	69 	94 	73 	35 	71 	60 	32 	36 	102 	52 	15 	96 	70 	79 	95 	28 	43 	-1 	77 	93 	49 	11 	63 	48 	84 	102 	37 	70 	36 	99 	33 	69 	112 	59 	56 	78 	25 	81 	60 	86 	58 	69 	71 	77 	83 	8 	29 	74 	91 	66 	56 	14 	36 	62 	93 	101 	74 	18 	34 	63 	91 	86 	75 	76 	53 	93 	39 	91 	50 	36 	
37 	16 	36 	26 	71 	53 	28 	73 	63 	109 	25 	37 	37 	107 	115 	99 	67 	76 	94 	45 	81 	102 	80 	111 	86 	46 	70 	43 	85 	107 	25 	45 	104 	43 	29 	43 	47 	87 	82 	87 	85 	93 	53 	44 	83 	50 	60 	77 	-1 	60 	68 	78 	104 	75 	11 	89 	64 	75 	70 	82 	69 	27 	82 	69 	73 	50 	54 	18 	101 	41 	107 	52 	96 	87 	69 	75 	49 	3 	63 	109 	78 	85 	42 	37 	46 	70 	9 	88 	44 	112 	41 	73 	113 	32 	80 	100 	62 	43 	61 	90 	
25 	59 	44 	45 	11 	27 	44 	55 	39 	66 	53 	50 	72 	61 	85 	51 	62 	60 	81 	46 	21 	58 	48 	83 	28 	18 	24 	17 	25 	72 	39 	19 	70 	65 	34 	34 	80 	77 	23 	65 	107 	39 	24 	18 	28 	72 	51 	93 	60 	-1 	51 	87 	78 	56 	52 	31 	58 	38 	62 	24 	65 	37 	23 	42 	48 	15 	82 	42 	76 	20 	85 	25 	61 	45 	20 	87 	73 	61 	6 	81 	52 	106 	65 	35 	16 	10 	51 	92 	75 	89 	21 	21 	80 	29 	57 	50 	56 	19 	46 	81 	
43 	55 	32 	42 	52 	26 	40 	5 	12 	45 	44 	33 	50 	47 	47 	44 	15 	10 	31 	24 	61 	41 	16 	43 	54 	39 	32 	50 	59 	39 	46 	59 	37 	38 	45 	27 	52 	27 	55 	19 	64 	48 	28 	43 	46 	40 	10 	49 	68 	51 	-1 	40 	36 	7 	68 	54 	12 	21 	13 	51 	16 	45 	66 	10 	8 	39 	50 	60 	33 	52 	40 	28 	31 	30 	36 	41 	42 	67 	47 	40 	11 	62 	39 	33 	57 	57 	61 	43 	49 	45 	57 	39 	45 	47 	12 	46 	11 	56 	8 	30 	
71 	62 	50 	58 	91 	60 	57 	38 	50 	76 	54 	46 	44 	80 	62 	80 	26 	35 	31 	44 	100 	74 	54 	58 	94 	72 	72 	81 	99 	64 	67 	90 	63 	35 	68 	55 	37 	25 	95 	42 	25 	87 	64 	75 	87 	29 	36 	11 	78 	87 	40 	-1 	53 	39 	84 	94 	30 	61 	27 	91 	24 	67 	105 	50 	47 	73 	31 	80 	50 	82 	48 	63 	61 	68 	75 	4 	31 	76 	85 	56 	47 	23 	36 	58 	88 	95 	75 	10 	38 	53 	87 	78 	64 	73 	43 	84 	32 	87 	42 	26 	
78 	91 	68 	78 	74 	58 	76 	31 	44 	28 	80 	68 	82 	35 	11 	41 	41 	29 	22 	60 	79 	31 	30 	7 	67 	72 	54 	83 	75 	14 	82 	91 	14 	70 	80 	63 	81 	27 	71 	18 	77 	54 	60 	76 	60 	69 	45 	63 	104 	78 	36 	53 	-1 	29 	104 	65 	42 	40 	37 	67 	39 	81 	84 	39 	33 	70 	77 	96 	3 	85 	10 	60 	19 	35 	58 	56 	71 	103 	73 	4 	27 	74 	71 	69 	88 	80 	97 	47 	79 	11 	90 	59 	12 	82 	24 	44 	43 	89 	44 	27 	
50 	62 	39 	49 	57 	32 	47 	2 	18 	41 	51 	39 	56 	43 	40 	42 	16 	4 	25 	31 	65 	37 	15 	36 	56 	46 	36 	57 	63 	34 	53 	66 	31 	43 	52 	35 	56 	21 	58 	12 	64 	48 	35 	50 	49 	44 	16 	48 	75 	56 	7 	39 	29 	-1 	76 	56 	15 	23 	13 	54 	16 	52 	69 	14 	9 	45 	53 	68 	26 	59 	33 	34 	26 	29 	40 	41 	46 	74 	52 	33 	8 	62 	44 	41 	63 	62 	68 	40 	54 	38 	64 	42 	38 	54 	6 	45 	15 	63 	15 	25 	
31 	24 	37 	27 	63 	49 	29 	74 	61 	106 	30 	39 	45 	103 	115 	95 	69 	77 	96 	46 	72 	99 	78 	111 	79 	40 	65 	35 	77 	105 	22 	36 	103 	49 	25 	42 	56 	90 	75 	87 	93 	87 	49 	37 	77 	56 	61 	84 	11 	52 	68 	84 	104 	76 	-1 	82 	66 	72 	72 	75 	72 	24 	73 	67 	72 	44 	62 	10 	101 	32 	108 	49 	95 	84 	64 	81 	55 	14 	56 	109 	78 	93 	48 	35 	37 	61 	10 	93 	52 	113 	32 	67 	112 	26 	80 	95 	64 	34 	61 	93 	
52 	84 	65 	70 	21 	42 	67 	56 	45 	44 	76 	69 	92 	37 	69 	27 	68 	59 	77 	62 	18 	37 	41 	69 	4 	43 	23 	48 	12 	55 	65 	50 	53 	82 	61 	53 	98 	76 	10 	59 	117 	12 	40 	45 	7 	88 	60 	102 	89 	31 	54 	94 	65 	56 	82 	-1 	65 	33 	66 	8 	70 	63 	22 	43 	47 	39 	98 	72 	64 	50 	74 	41 	46 	30 	22 	94 	89 	90 	27 	67 	48 	116 	83 	57 	48 	25 	80 	95 	94 	76 	52 	18 	63 	57 	53 	24 	63 	50 	53 	78 	
45 	49 	28 	38 	61 	31 	36 	14 	21 	56 	39 	27 	40 	58 	53 	56 	4 	14 	30 	20 	71 	52 	29 	49 	65 	44 	43 	54 	70 	49 	45 	63 	46 	28 	45 	28 	40 	24 	65 	25 	52 	60 	35 	47 	58 	29 	7 	37 	64 	58 	12 	30 	42 	15 	66 	65 	-1 	33 	6 	62 	7 	44 	75 	22 	20 	44 	38 	59 	39 	55 	43 	34 	41 	42 	46 	30 	31 	62 	55 	47 	23 	51 	28 	33 	61 	65 	57 	34 	38 	49 	60 	49 	53 	48 	21 	58 	2 	60 	13 	27 	
42 	65 	42 	51 	36 	23 	48 	23 	15 	33 	55 	45 	67 	32 	48 	25 	36 	27 	45 	36 	43 	26 	10 	45 	34 	35 	15 	45 	40 	35 	51 	52 	32 	55 	47 	32 	70 	44 	35 	28 	85 	27 	24 	38 	26 	59 	29 	70 	75 	38 	21 	61 	40 	23 	72 	33 	33 	-1 	34 	31 	37 	49 	48 	11 	14 	32 	69 	63 	38 	47 	47 	24 	24 	12 	19 	62 	61 	75 	33 	43 	16 	83 	56 	38 	49 	41 	67 	62 	67 	50 	52 	20 	43 	47 	21 	27 	31 	50 	22 	46 	
51 	55 	34 	44 	64 	36 	43 	12 	24 	53 	44 	33 	45 	56 	48 	55 	4 	10 	24 	26 	73 	50 	28 	44 	67 	49 	45 	59 	72 	45 	51 	68 	42 	32 	50 	34 	44 	18 	68 	21 	51 	60 	39 	52 	59 	32 	12 	36 	70 	62 	13 	27 	37 	13 	72 	66 	6 	34 	-1 	64 	3 	50 	78 	23 	20 	49 	41 	65 	34 	61 	38 	38 	38 	41 	48 	28 	34 	68 	59 	41 	21 	50 	33 	39 	66 	69 	63 	30 	42 	43 	66 	51 	48 	54 	18 	58 	8 	65 	16 	21 	
45 	77 	59 	63 	13 	36 	61 	54 	41 	49 	70 	63 	87 	42 	72 	31 	65 	58 	76 	57 	13 	41 	41 	71 	5 	36 	19 	40 	9 	58 	58 	42 	56 	77 	53 	47 	93 	75 	4 	59 	114 	18 	34 	38 	7 	83 	56 	99 	82 	24 	51 	91 	67 	54 	75 	8 	62 	31 	64 	-1 	67 	56 	18 	41 	45 	32 	93 	64 	66 	42 	76 	35 	48 	32 	17 	91 	84 	82 	19 	70 	47 	112 	78 	50 	40 	18 	73 	93 	89 	78 	44 	13 	67 	50 	53 	30 	60 	42 	49 	78 	
52 	54 	35 	45 	67 	38 	43 	15 	26 	56 	44 	33 	43 	59 	50 	58 	3 	13 	24 	27 	76 	53 	31 	46 	70 	51 	48 	61 	75 	47 	51 	70 	45 	31 	51 	35 	42 	18 	71 	23 	48 	63 	41 	54 	62 	30 	14 	33 	69 	65 	16 	24 	39 	16 	72 	70 	7 	37 	3 	67 	-1 	51 	81 	26 	23 	51 	38 	66 	36 	62 	39 	40 	41 	44 	51 	25 	32 	67 	61 	43 	24 	46 	32 	40 	68 	72 	63 	27 	40 	44 	68 	54 	50 	55 	21 	61 	9 	67 	19 	21 	
12 	22 	17 	10 	47 	26 	10 	51 	38 	83 	18 	21 	38 	80 	91 	72 	48 	54 	74 	24 	57 	76 	54 	88 	61 	20 	44 	21 	60 	82 	2 	28 	79 	35 	3 	18 	47 	68 	57 	64 	81 	67 	26 	19 	57 	43 	38 	69 	27 	37 	45 	67 	81 	52 	24 	63 	44 	49 	50 	56 	51 	-1 	59 	44 	48 	24 	51 	15 	78 	20 	85 	26 	71 	61 	43 	64 	43 	27 	39 	85 	54 	80 	35 	12 	27 	47 	18 	75 	43 	90 	24 	47 	89 	9 	57 	73 	42 	25 	38 	71 	
47 	81 	66 	68 	14 	46 	66 	69 	55 	66 	75 	71 	94 	59 	90 	48 	79 	73 	93 	66 	5 	58 	57 	89 	18 	40 	34 	40 	10 	76 	61 	37 	73 	86 	56 	55 	102 	91 	13 	75 	127 	34 	43 	41 	24 	93 	69 	112 	82 	23 	66 	105 	84 	69 	73 	22 	75 	48 	78 	18 	81 	59 	-1 	55 	61 	37 	103 	64 	83 	41 	93 	44 	66 	49 	30 	105 	94 	83 	22 	87 	64 	125 	87 	57 	36 	12 	73 	108 	97 	96 	41 	27 	84 	51 	69 	46 	73 	39 	63 	94 	
39 	57 	34 	43 	42 	20 	41 	14 	6 	41 	47 	36 	56 	40 	48 	35 	25 	18 	39 	27 	51 	35 	11 	45 	44 	33 	22 	44 	49 	38 	45 	53 	35 	44 	43 	26 	59 	36 	45 	23 	74 	38 	22 	37 	36 	48 	18 	59 	69 	42 	10 	50 	39 	14 	67 	43 	22 	11 	23 	41 	26 	44 	55 	-1 	6 	32 	58 	58 	36 	46 	44 	21 	28 	22 	26 	51 	50 	68 	38 	43 	11 	72 	45 	32 	50 	47 	60 	53 	56 	49 	51 	28 	45 	44 	16 	38 	20 	50 	11 	39 	
44 	60 	37 	47 	48 	25 	44 	9 	11 	38 	50 	38 	58 	39 	43 	36 	22 	13 	33 	29 	56 	33 	9 	40 	48 	39 	27 	50 	54 	34 	50 	59 	31 	45 	47 	30 	59 	30 	49 	17 	71 	40 	28 	43 	40 	48 	17 	56 	73 	48 	8 	47 	33 	9 	72 	47 	20 	14 	20 	45 	23 	48 	61 	6 	-1 	38 	58 	63 	30 	52 	38 	27 	24 	22 	31 	48 	50 	72 	44 	37 	6 	69 	46 	37 	56 	53 	65 	48 	57 	43 	57 	33 	40 	49 	10 	38 	19 	56 	13 	33 	
13 	46 	29 	31 	23 	13 	29 	44 	27 	64 	39 	34 	57 	61 	79 	51 	48 	48 	70 	30 	34 	56 	40 	76 	37 	4 	22 	13 	37 	67 	26 	21 	64 	50 	21 	19 	65 	65 	33 	55 	92 	43 	10 	7 	33 	57 	37 	78 	50 	15 	39 	73 	70 	45 	44 	39 	44 	32 	49 	32 	51 	24 	37 	32 	38 	-1 	67 	34 	68 	15 	76 	11 	56 	42 	20 	72 	58 	50 	15 	74 	43 	91 	50 	20 	18 	25 	41 	78 	60 	80 	20 	23 	75 	18 	47 	52 	42 	19 	33 	69 	
60 	38 	38 	41 	89 	58 	41 	52 	55 	94 	34 	33 	16 	96 	87 	93 	37 	51 	58 	37 	100 	90 	66 	83 	98 	64 	75 	70 	101 	85 	50 	79 	83 	17 	54 	48 	7 	51 	96 	61 	31 	95 	61 	66 	91 	10 	41 	25 	54 	82 	50 	31 	77 	53 	62 	98 	38 	69 	41 	93 	38 	51 	103 	58 	58 	67 	-1 	61 	73 	70 	74 	60 	79 	79 	77 	26 	9 	51 	81 	80 	61 	32 	17 	48 	78 	92 	52 	41 	10 	80 	75 	81 	88 	59 	59 	96 	39 	75 	47 	52 	
21 	25 	31 	22 	53 	40 	23 	66 	52 	96 	27 	34 	45 	93 	106 	85 	63 	69 	89 	39 	63 	89 	69 	103 	69 	30 	55 	25 	67 	96 	15 	27 	94 	46 	16 	33 	56 	83 	65 	79 	92 	77 	39 	27 	67 	54 	54 	81 	18 	42 	60 	80 	96 	68 	10 	72 	59 	63 	65 	64 	66 	15 	64 	58 	63 	34 	61 	-1 	93 	22 	100 	39 	85 	74 	53 	77 	54 	20 	46 	100 	69 	92 	46 	27 	28 	52 	11 	88 	51 	105 	23 	57 	103 	16 	72 	85 	57 	25 	53 	86 	
75 	87 	65 	75 	73 	56 	73 	28 	41 	30 	77 	65 	79 	36 	14 	41 	38 	25 	19 	57 	78 	32 	28 	10 	67 	69 	52 	80 	75 	15 	79 	88 	15 	66 	78 	60 	77 	24 	70 	14 	74 	54 	58 	73 	60 	66 	42 	60 	101 	76 	33 	50 	3 	26 	101 	64 	39 	38 	34 	66 	36 	78 	83 	36 	30 	68 	73 	93 	-1 	82 	10 	57 	19 	34 	56 	53 	68 	100 	71 	7 	25 	71 	67 	66 	86 	79 	94 	45 	76 	13 	87 	57 	15 	79 	21 	45 	40 	86 	41 	24 	
11 	41 	33 	30 	31 	27 	29 	57 	41 	79 	38 	38 	58 	75 	94 	66 	60 	62 	83 	38 	40 	72 	55 	91 	47 	13 	36 	3 	44 	82 	22 	8 	79 	54 	17 	27 	67 	78 	42 	69 	99 	57 	25 	9 	45 	61 	49 	86 	41 	20 	52 	82 	85 	59 	32 	50 	55 	47 	61 	42 	62 	20 	41 	46 	52 	15 	70 	22 	82 	-1 	91 	25 	71 	57 	34 	80 	62 	42 	24 	89 	58 	98 	54 	24 	7 	29 	32 	89 	62 	95 	5 	37 	90 	11 	62 	66 	53 	5 	45 	81 	
83 	92 	71 	81 	83 	64 	79 	34 	49 	38 	82 	70 	82 	45 	15 	51 	41 	31 	17 	62 	88 	41 	37 	11 	77 	78 	62 	89 	84 	23 	86 	97 	24 	69 	85 	67 	79 	23 	80 	21 	71 	63 	66 	82 	69 	68 	47 	58 	107 	85 	40 	48 	10 	33 	108 	74 	43 	47 	38 	76 	39 	85 	93 	44 	38 	76 	74 	100 	10 	91 	-1 	66 	28 	44 	66 	51 	70 	105 	80 	10 	33 	68 	70 	73 	94 	88 	100 	41 	78 	6 	96 	67 	19 	87 	29 	54 	45 	94 	47 	22 	
18 	45 	24 	30 	30 	2 	27 	33 	16 	57 	36 	29 	52 	55 	69 	46 	38 	37 	59 	22 	40 	50 	31 	66 	39 	12 	19 	23 	41 	58 	28 	32 	55 	43 	24 	12 	58 	54 	37 	44 	83 	42 	1 	16 	34 	49 	27 	69 	52 	25 	28 	63 	60 	34 	49 	41 	34 	24 	38 	35 	40 	26 	44 	21 	27 	11 	60 	39 	57 	25 	66 	-1 	47 	35 	19 	62 	50 	52 	22 	64 	33 	82 	43 	16 	29 	33 	43 	68 	54 	70 	30 	23 	66 	23 	37 	47 	31 	29 	22 	58 	
65 	84 	61 	71 	57 	46 	68 	27 	34 	15 	74 	62 	81 	19 	24 	23 	42 	28 	35 	53 	61 	14 	17 	23 	49 	58 	37 	69 	57 	11 	72 	76 	8 	68 	70 	53 	81 	37 	53 	19 	86 	35 	47 	62 	42 	70 	41 	71 	96 	61 	31 	61 	19 	26 	95 	46 	41 	24 	38 	48 	41 	71 	66 	28 	24 	56 	79 	85 	19 	71 	28 	47 	-1 	17 	41 	64 	72 	95 	56 	21 	19 	84 	69 	60 	73 	62 	88 	58 	79 	30 	76 	41 	19 	70 	20 	26 	41 	74 	37 	38 	
53 	77 	54 	63 	40 	35 	60 	29 	27 	22 	67 	57 	78 	20 	41 	14 	44 	32 	47 	48 	44 	15 	14 	40 	32 	45 	21 	55 	40 	27 	62 	61 	25 	66 	59 	44 	81 	47 	36 	29 	92 	20 	35 	49 	25 	70 	39 	77 	87 	45 	30 	68 	35 	29 	84 	30 	42 	12 	41 	32 	44 	61 	49 	22 	22 	42 	79 	74 	34 	57 	44 	35 	17 	-1 	25 	69 	71 	87 	40 	38 	21 	90 	67 	50 	58 	46 	78 	67 	78 	46 	61 	24 	36 	58 	25 	16 	41 	60 	33 	49 	
32 	63 	43 	48 	17 	20 	46 	39 	25 	47 	55 	47 	70 	42 	65 	32 	49 	44 	64 	40 	25 	39 	29 	64 	21 	23 	4 	31 	24 	52 	45 	37 	49 	61 	40 	31 	76 	61 	20 	46 	98 	24 	18 	27 	15 	66 	40 	83 	69 	20 	36 	75 	58 	40 	64 	22 	46 	19 	48 	17 	51 	43 	30 	26 	31 	20 	77 	53 	56 	34 	66 	19 	41 	25 	-1 	75 	68 	69 	15 	61 	34 	96 	61 	35 	34 	23 	60 	78 	72 	69 	37 	4 	60 	38 	39 	32 	43 	35 	33 	64 	
70 	59 	48 	55 	91 	60 	55 	40 	51 	79 	51 	44 	40 	83 	66 	82 	26 	37 	35 	43 	100 	77 	56 	62 	95 	71 	73 	80 	100 	67 	64 	89 	66 	32 	66 	54 	32 	29 	95 	44 	23 	88 	63 	73 	87 	26 	36 	8 	75 	87 	41 	4 	56 	41 	81 	94 	30 	62 	28 	91 	25 	64 	105 	51 	48 	72 	26 	77 	53 	80 	51 	62 	64 	69 	75 	-1 	27 	72 	84 	59 	49 	21 	33 	57 	87 	95 	71 	14 	34 	57 	85 	79 	68 	71 	45 	85 	32 	85 	42 	30 	
51 	32 	29 	33 	80 	49 	33 	45 	46 	87 	27 	24 	13 	89 	82 	85 	31 	44 	54 	28 	90 	83 	59 	78 	89 	55 	66 	62 	91 	79 	42 	70 	77 	8 	45 	39 	10 	47 	87 	55 	38 	87 	51 	57 	82 	2 	32 	29 	49 	73 	42 	31 	71 	46 	55 	89 	31 	61 	34 	84 	32 	43 	94 	50 	50 	58 	9 	54 	68 	62 	70 	50 	72 	71 	68 	27 	-1 	46 	72 	75 	53 	38 	8 	39 	69 	83 	46 	41 	8 	76 	66 	72 	82 	51 	52 	88 	31 	67 	38 	49 	
37 	14 	35 	25 	72 	52 	27 	72 	62 	108 	23 	35 	34 	106 	114 	99 	65 	75 	92 	43 	82 	101 	79 	110 	87 	46 	70 	44 	86 	106 	25 	47 	103 	41 	29 	43 	44 	85 	83 	85 	82 	93 	53 	44 	84 	47 	58 	74 	3 	61 	67 	76 	103 	74 	14 	90 	62 	75 	68 	82 	67 	27 	83 	68 	72 	50 	51 	20 	100 	42 	105 	52 	95 	87 	69 	72 	46 	-1 	64 	107 	77 	83 	40 	36 	48 	71 	10 	85 	41 	111 	43 	73 	112 	32 	79 	100 	60 	45 	59 	88 	
27 	61 	44 	47 	8 	25 	45 	51 	35 	61 	54 	49 	72 	55 	80 	45 	59 	56 	77 	44 	19 	53 	43 	78 	24 	19 	19 	21 	22 	67 	41 	24 	64 	65 	36 	33 	80 	73 	19 	60 	105 	34 	21 	20 	22 	71 	48 	91 	63 	6 	47 	85 	73 	52 	56 	27 	55 	33 	59 	19 	61 	39 	22 	38 	44 	15 	81 	46 	71 	24 	80 	22 	56 	40 	15 	84 	72 	64 	-1 	76 	48 	104 	65 	35 	21 	10 	54 	89 	75 	83 	26 	16 	75 	32 	53 	44 	53 	24 	43 	77 	
82 	95 	72 	83 	78 	62 	80 	35 	48 	28 	84 	72 	86 	36 	7 	43 	45 	33 	25 	64 	82 	32 	34 	3 	70 	76 	57 	87 	78 	14 	86 	95 	15 	74 	85 	67 	84 	30 	74 	22 	79 	56 	64 	80 	63 	73 	49 	66 	109 	81 	40 	56 	4 	33 	109 	67 	47 	43 	41 	70 	43 	85 	87 	43 	37 	74 	80 	100 	7 	89 	10 	64 	21 	38 	61 	59 	75 	107 	76 	-1 	32 	77 	75 	73 	92 	83 	101 	50 	83 	9 	94 	62 	9 	86 	29 	46 	47 	92 	48 	30 	
50 	66 	42 	52 	51 	31 	50 	9 	17 	34 	55 	44 	62 	36 	37 	34 	24 	12 	29 	35 	59 	30 	7 	34 	49 	45 	30 	56 	56 	29 	55 	64 	26 	49 	53 	36 	63 	27 	52 	12 	72 	40 	33 	49 	42 	51 	22 	56 	78 	52 	11 	47 	27 	8 	78 	48 	23 	16 	21 	47 	24 	54 	64 	11 	6 	43 	61 	69 	25 	58 	33 	33 	19 	21 	34 	49 	53 	77 	48 	32 	-1 	70 	50 	42 	61 	57 	70 	47 	60 	37 	63 	36 	35 	55 	5 	37 	22 	61 	18 	30 	
87 	70 	65 	70 	111 	80 	70 	61 	71 	99 	65 	60 	48 	103 	83 	103 	47 	58 	52 	61 	121 	97 	77 	79 	116 	90 	93 	98 	120 	86 	80 	107 	85 	45 	82 	72 	38 	48 	116 	65 	3 	109 	83 	92 	108 	38 	57 	14 	85 	106 	62 	23 	74 	62 	93 	116 	51 	83 	50 	112 	46 	80 	125 	72 	69 	91 	32 	92 	71 	98 	68 	82 	84 	90 	96 	21 	38 	83 	104 	77 	70 	-1 	46 	74 	105 	115 	84 	27 	42 	73 	103 	100 	86 	88 	66 	106 	53 	103 	63 	47 	
43 	26 	21 	25 	72 	42 	25 	42 	41 	84 	19 	16 	12 	85 	81 	80 	30 	43 	55 	21 	83 	79 	55 	77 	82 	47 	60 	54 	84 	77 	34 	62 	75 	1 	37 	31 	15 	48 	80 	54 	46 	81 	44 	49 	76 	8 	28 	36 	42 	65 	39 	36 	71 	44 	48 	83 	28 	56 	33 	78 	32 	35 	87 	45 	46 	50 	17 	46 	67 	54 	70 	43 	69 	67 	61 	33 	8 	40 	65 	75 	50 	46 	-1 	31 	61 	75 	39 	45 	11 	76 	58 	65 	81 	43 	49 	83 	28 	59 	34 	51 	
13 	28 	10 	13 	43 	16 	11 	39 	26 	71 	20 	15 	37 	70 	80 	62 	37 	43 	63 	14 	54 	65 	43 	76 	55 	17 	35 	23 	56 	70 	13 	32 	67 	31 	11 	6 	45 	57 	52 	52 	75 	58 	17 	18 	50 	38 	27 	62 	37 	35 	33 	58 	69 	41 	35 	57 	33 	38 	39 	50 	40 	12 	57 	32 	37 	20 	48 	27 	66 	24 	73 	16 	60 	50 	35 	57 	39 	36 	35 	73 	42 	74 	31 	-1 	31 	45 	29 	65 	41 	78 	29 	39 	77 	15 	45 	64 	31 	29 	26 	60 	
18 	48 	40 	38 	27 	31 	37 	62 	46 	80 	45 	45 	65 	76 	97 	66 	65 	66 	88 	44 	35 	72 	58 	94 	44 	17 	37 	7 	40 	84 	29 	3 	82 	61 	24 	33 	74 	83 	39 	73 	106 	55 	28 	14 	44 	68 	54 	93 	46 	16 	57 	88 	88 	63 	37 	48 	61 	49 	66 	40 	68 	27 	36 	50 	56 	18 	78 	28 	86 	7 	94 	29 	73 	58 	34 	87 	69 	48 	21 	92 	61 	105 	61 	31 	-1 	24 	38 	95 	70 	99 	5 	36 	92 	19 	66 	65 	59 	3 	50 	87 	
35 	69 	54 	56 	6 	35 	54 	61 	45 	65 	63 	59 	82 	59 	87 	48 	70 	65 	86 	55 	11 	57 	51 	85 	22 	28 	27 	27 	16 	73 	49 	26 	71 	75 	44 	44 	90 	83 	16 	69 	116 	36 	32 	28 	24 	82 	59 	101 	70 	10 	57 	95 	80 	62 	61 	25 	65 	41 	69 	18 	72 	47 	12 	47 	53 	25 	92 	52 	79 	29 	88 	33 	62 	46 	23 	95 	83 	71 	10 	83 	57 	115 	75 	45 	24 	-1 	61 	99 	85 	91 	30 	22 	81 	39 	62 	47 	63 	27 	53 	86 	
28 	15 	29 	19 	62 	44 	21 	66 	54 	100 	20 	30 	36 	98 	107 	90 	60 	69 	87 	37 	72 	93 	71 	104 	77 	37 	61 	34 	76 	99 	16 	38 	96 	40 	20 	35 	47 	81 	73 	79 	83 	84 	44 	35 	74 	47 	52 	74 	9 	51 	61 	75 	97 	68 	10 	80 	57 	67 	63 	73 	63 	18 	73 	60 	65 	41 	52 	11 	94 	32 	100 	43 	88 	78 	60 	71 	46 	10 	54 	101 	70 	84 	39 	29 	38 	61 	-1 	83 	42 	105 	33 	64 	105 	23 	72 	91 	55 	35 	53 	84 	
78 	71 	58 	66 	95 	65 	65 	40 	54 	73 	63 	54 	54 	78 	56 	79 	30 	36 	25 	51 	103 	72 	54 	52 	96 	78 	75 	87 	102 	60 	75 	97 	59 	45 	76 	61 	47 	22 	97 	40 	30 	87 	69 	81 	88 	39 	41 	18 	88 	92 	43 	10 	47 	40 	93 	95 	34 	62 	30 	93 	27 	75 	108 	53 	48 	78 	41 	88 	45 	89 	41 	68 	58 	67 	78 	14 	41 	85 	89 	50 	47 	27 	45 	65 	95 	99 	83 	-1 	48 	46 	94 	81 	59 	80 	43 	83 	36 	93 	46 	21 	
52 	28 	31 	32 	83 	53 	33 	52 	52 	94 	25 	26 	6 	96 	90 	92 	39 	52 	62 	32 	94 	90 	65 	86 	93 	57 	71 	63 	95 	87 	41 	70 	84 	12 	45 	42 	5 	55 	91 	63 	41 	92 	55 	58 	87 	10 	39 	34 	44 	75 	49 	38 	79 	54 	52 	94 	38 	67 	42 	89 	40 	43 	97 	56 	57 	60 	10 	51 	76 	62 	78 	54 	79 	78 	72 	34 	8 	41 	75 	83 	60 	42 	11 	41 	70 	85 	42 	48 	-1 	84 	66 	76 	90 	51 	59 	94 	38 	67 	45 	57 	
87 	98 	76 	86 	86 	68 	84 	39 	54 	37 	87 	76 	88 	44 	11 	52 	47 	36 	22 	68 	91 	41 	41 	9 	79 	82 	65 	93 	87 	23 	91 	101 	24 	75 	90 	72 	84 	29 	82 	26 	75 	65 	71 	86 	72 	74 	53 	63 	112 	89 	45 	53 	11 	38 	113 	76 	49 	50 	43 	78 	44 	90 	96 	49 	43 	80 	80 	105 	13 	95 	6 	70 	30 	46 	69 	57 	76 	111 	83 	9 	37 	73 	76 	78 	99 	91 	105 	46 	84 	-1 	100 	70 	17 	92 	34 	55 	50 	99 	52 	28 	
16 	44 	38 	34 	32 	32 	33 	62 	46 	83 	41 	43 	61 	79 	99 	69 	65 	67 	88 	43 	41 	76 	60 	96 	49 	18 	40 	7 	45 	87 	25 	4 	84 	58 	21 	32 	71 	83 	44 	74 	103 	59 	29 	14 	48 	66 	54 	91 	41 	21 	57 	87 	90 	64 	32 	52 	60 	52 	66 	44 	68 	24 	41 	51 	57 	20 	75 	23 	87 	5 	96 	30 	76 	61 	37 	85 	66 	43 	26 	94 	63 	103 	58 	29 	5 	30 	33 	94 	66 	100 	-1 	40 	95 	15 	67 	69 	58 	2 	50 	87 	
36 	67 	47 	52 	16 	24 	50 	42 	28 	45 	59 	51 	75 	40 	65 	30 	53 	46 	65 	44 	23 	37 	30 	64 	17 	27 	6 	34 	21 	52 	49 	39 	49 	65 	44 	35 	80 	63 	16 	48 	101 	20 	22 	30 	11 	71 	43 	86 	73 	21 	39 	78 	59 	42 	67 	18 	49 	20 	51 	13 	54 	47 	27 	28 	33 	23 	81 	57 	57 	37 	67 	23 	41 	24 	4 	79 	72 	73 	16 	62 	36 	100 	65 	39 	36 	22 	64 	81 	76 	70 	40 	-1 	60 	42 	41 	29 	47 	38 	37 	66 	
84 	100 	77 	87 	76 	64 	84 	40 	51 	21 	89 	77 	93 	29 	7 	37 	52 	38 	33 	69 	79 	27 	35 	8 	66 	77 	56 	88 	74 	8 	90 	95 	11 	80 	87 	70 	92 	39 	71 	27 	88 	51 	66 	81 	60 	80 	54 	75 	113 	80 	45 	64 	12 	38 	112 	63 	53 	43 	48 	67 	50 	89 	84 	45 	40 	75 	88 	103 	15 	90 	19 	66 	19 	36 	60 	68 	82 	112 	75 	9 	35 	86 	81 	77 	92 	81 	105 	59 	90 	17 	95 	60 	-1 	88 	33 	40 	53 	93 	52 	39 	
5 	30 	23 	19 	39 	24 	18 	53 	38 	80 	26 	28 	46 	78 	92 	69 	52 	57 	77 	29 	50 	73 	54 	89 	55 	14 	39 	12 	53 	81 	10 	19 	78 	43 	6 	20 	56 	72 	50 	65 	88 	62 	23 	12 	51 	51 	42 	76 	32 	29 	47 	73 	82 	54 	26 	57 	48 	47 	54 	50 	55 	9 	51 	44 	49 	18 	59 	16 	79 	11 	87 	23 	70 	58 	38 	71 	51 	32 	32 	86 	55 	88 	43 	15 	19 	39 	23 	80 	51 	92 	15 	42 	88 	-1 	58 	69 	46 	16 	40 	75 	
54 	67 	44 	54 	57 	35 	52 	8 	20 	35 	56 	45 	61 	38 	35 	38 	22 	8 	24 	36 	64 	32 	12 	31 	55 	49 	36 	60 	61 	28 	58 	68 	25 	48 	56 	39 	61 	22 	57 	8 	68 	45 	37 	53 	47 	50 	22 	53 	80 	57 	12 	43 	24 	6 	80 	53 	21 	21 	18 	53 	21 	57 	69 	16 	10 	47 	59 	72 	21 	62 	29 	37 	20 	25 	39 	45 	52 	79 	53 	29 	5 	66 	49 	45 	66 	62 	72 	43 	59 	34 	67 	41 	33 	58 	-1 	41 	21 	66 	20 	25 	
64 	91 	69 	77 	42 	48 	74 	46 	42 	20 	82 	72 	94 	13 	47 	3 	60 	48 	60 	63 	42 	14 	30 	47 	28 	55 	30 	63 	36 	33 	75 	68 	31 	82 	71 	58 	97 	61 	33 	43 	109 	12 	47 	59 	23 	86 	55 	93 	100 	50 	46 	84 	44 	45 	95 	24 	58 	27 	58 	30 	61 	73 	46 	38 	38 	52 	96 	85 	45 	66 	54 	47 	26 	16 	32 	85 	88 	100 	44 	46 	37 	106 	83 	64 	65 	47 	91 	83 	94 	55 	69 	29 	40 	69 	41 	-1 	57 	67 	49 	63 	
43 	47 	27 	37 	59 	29 	35 	14 	19 	56 	37 	25 	40 	58 	54 	55 	7 	15 	32 	18 	68 	52 	28 	50 	63 	42 	41 	52 	68 	49 	43 	61 	46 	27 	42 	26 	41 	26 	63 	26 	54 	58 	32 	45 	56 	29 	4 	39 	62 	56 	11 	32 	43 	15 	64 	63 	2 	31 	8 	60 	9 	42 	73 	20 	19 	42 	39 	57 	40 	53 	45 	31 	41 	41 	43 	32 	31 	60 	53 	47 	22 	53 	28 	31 	59 	63 	55 	36 	38 	50 	58 	47 	53 	46 	21 	57 	-1 	58 	10 	29 	
16 	45 	38 	35 	30 	31 	34 	62 	45 	82 	42 	43 	62 	77 	97 	67 	64 	66 	87 	43 	38 	74 	59 	95 	47 	17 	38 	6 	43 	85 	26 	3 	82 	59 	22 	32 	72 	82 	42 	73 	104 	57 	28 	13 	46 	66 	53 	91 	43 	19 	56 	87 	89 	63 	34 	50 	60 	50 	65 	42 	67 	25 	39 	50 	56 	19 	75 	25 	86 	5 	94 	29 	74 	60 	35 	85 	67 	45 	24 	92 	61 	103 	59 	29 	3 	27 	35 	93 	67 	99 	2 	38 	93 	16 	66 	67 	58 	-1 	50 	86 	
36 	48 	25 	35 	49 	20 	32 	13 	8 	51 	37 	26 	45 	51 	54 	47 	17 	17 	38 	17 	58 	46 	21 	51 	53 	33 	30 	44 	57 	46 	39 	53 	44 	33 	37 	20 	48 	33 	53 	26 	65 	49 	23 	36 	46 	37 	7 	50 	61 	46 	8 	42 	44 	15 	61 	53 	13 	22 	16 	49 	19 	38 	63 	11 	13 	33 	47 	53 	41 	45 	47 	22 	37 	33 	33 	42 	38 	59 	43 	48 	18 	63 	34 	26 	50 	53 	53 	46 	45 	52 	50 	37 	52 	40 	20 	49 	10 	50 	-1 	36 	
72 	74 	56 	66 	81 	56 	64 	25 	42 	52 	65 	54 	62 	58 	36 	60 	24 	21 	5 	48 	89 	52 	37 	32 	80 	69 	60 	80 	86 	39 	72 	89 	38 	50 	72 	55 	57 	3 	82 	20 	50 	70 	58 	73 	72 	47 	33 	36 	90 	81 	30 	26 	27 	25 	93 	78 	27 	46 	21 	78 	21 	71 	94 	39 	33 	69 	52 	86 	24 	81 	22 	58 	38 	49 	64 	30 	49 	88 	77 	30 	30 	47 	51 	60 	87 	86 	84 	21 	57 	28 	87 	66 	39 	75 	25 	63 	29 	86 	36 	-1 	
