-1 	26 	91 	70 	33 	82 	107 	32 	98 	47 	66 	79 	86 	47 	39 	82 	15 	105 	90 	78 	53 	43 	76 	20 	78 	94 	41 	108 	104 	103 	64 	83 	87 	51 	47 	59 	19 	71 	76 	65 	80 	88 	74 	52 	88 	92 	54 	74 	56 	102 	67 	47 	10 	63 	74 	21 	59 	85 	67 	67 	17 	35 	96 	55 	55 	70 	86 	55 	100 	84 	68 	77 	45 	79 	80 	78 	66 	70 	86 	12 	90 	90 	84 	59 	12 	77 	72 	23 	73 	60 	32 	34 	37 	63 	39 	96 	94 	49 	16 	19 	
26 	-1 	68 	60 	15 	69 	89 	13 	78 	20 	40 	79 	85 	27 	13 	56 	14 	84 	89 	52 	27 	16 	50 	8 	56 	77 	47 	89 	89 	85 	43 	77 	85 	40 	23 	32 	10 	55 	73 	44 	54 	64 	77 	30 	84 	77 	44 	55 	36 	80 	60 	51 	17 	58 	50 	40 	33 	59 	61 	41 	11 	49 	73 	38 	52 	44 	61 	30 	82 	60 	72 	53 	44 	75 	64 	60 	44 	52 	62 	34 	80 	93 	64 	47 	22 	73 	51 	12 	79 	51 	40 	13 	29 	54 	17 	83 	71 	30 	27 	41 	
91 	68 	-1 	46 	57 	38 	28 	76 	19 	51 	36 	76 	77 	44 	61 	32 	76 	18 	78 	57 	48 	54 	32 	71 	13 	27 	78 	28 	37 	27 	26 	62 	75 	49 	45 	45 	78 	30 	65 	25 	55 	14 	83 	39 	67 	30 	48 	21 	36 	13 	52 	76 	81 	58 	18 	92 	45 	29 	58 	35 	74 	89 	7 	38 	62 	38 	16 	38 	27 	14 	83 	16 	66 	63 	27 	24 	25 	26 	8 	92 	50 	91 	15 	43 	80 	63 	20 	80 	92 	50 	78 	57 	59 	49 	70 	42 	3 	42 	80 	96 	
70 	60 	46 	-1 	44 	14 	45 	72 	39 	56 	56 	31 	34 	36 	62 	65 	57 	50 	36 	83 	58 	56 	61 	57 	42 	30 	39 	46 	37 	40 	34 	21 	32 	20 	45 	60 	67 	17 	20 	32 	82 	55 	37 	39 	27 	27 	16 	26 	29 	50 	7 	35 	63 	14 	43 	61 	60 	65 	12 	56 	58 	52 	52 	25 	20 	62 	55 	45 	37 	52 	38 	45 	29 	20 	19 	22 	36 	22 	48 	66 	21 	47 	31 	13 	58 	19 	30 	71 	46 	10 	44 	46 	33 	7 	72 	27 	47 	32 	54 	65 	
33 	15 	57 	44 	-1 	54 	75 	28 	65 	21 	36 	65 	71 	14 	21 	52 	18 	72 	75 	56 	27 	17 	46 	14 	45 	63 	38 	76 	74 	71 	31 	62 	71 	25 	15 	31 	23 	40 	58 	32 	56 	56 	64 	19 	69 	62 	29 	41 	23 	69 	45 	40 	24 	43 	41 	39 	32 	54 	47 	37 	16 	42 	63 	23 	38 	41 	53 	23 	68 	52 	60 	44 	32 	60 	49 	46 	33 	38 	52 	37 	65 	79 	51 	31 	23 	58 	39 	27 	68 	36 	32 	3 	16 	39 	29 	68 	60 	16 	25 	41 	
82 	69 	38 	14 	54 	-1 	31 	81 	27 	62 	58 	39 	39 	43 	69 	63 	69 	39 	41 	84 	63 	62 	60 	67 	38 	17 	53 	33 	24 	26 	35 	24 	37 	31 	51 	63 	77 	16 	28 	33 	83 	49 	47 	44 	29 	14 	28 	23 	35 	40 	20 	49 	75 	27 	41 	75 	63 	62 	25 	57 	69 	66 	44 	31 	34 	63 	50 	49 	23 	47 	49 	42 	43 	26 	11 	16 	36 	21 	42 	79 	13 	53 	23 	23 	70 	26 	28 	81 	57 	23 	57 	55 	45 	21 	79 	14 	39 	39 	67 	79 	
107 	89 	28 	45 	75 	31 	-1 	98 	11 	75 	63 	68 	66 	62 	85 	60 	93 	14 	66 	86 	73 	77 	61 	89 	38 	14 	84 	1 	13 	5 	47 	52 	64 	58 	67 	71 	98 	36 	58 	45 	83 	42 	77 	60 	55 	18 	55 	34 	53 	19 	51 	80 	99 	58 	44 	103 	71 	57 	56 	62 	92 	96 	30 	52 	64 	66 	44 	61 	8 	42 	80 	43 	73 	55 	28 	29 	46 	37 	36 	106 	36 	80 	25 	50 	96 	56 	38 	101 	87 	53 	87 	76 	72 	51 	94 	25 	26 	59 	94 	107 	
32 	13 	76 	72 	28 	81 	98 	-1 	88 	24 	43 	92 	99 	38 	14 	58 	25 	93 	102 	48 	29 	21 	52 	20 	63 	88 	60 	99 	100 	95 	52 	91 	99 	53 	32 	34 	13 	66 	86 	54 	50 	69 	90 	39 	97 	88 	57 	65 	47 	88 	73 	64 	24 	71 	57 	49 	34 	61 	75 	44 	22 	60 	79 	50 	65 	45 	66 	38 	92 	66 	86 	60 	58 	88 	75 	71 	52 	63 	69 	42 	92 	106 	74 	59 	31 	86 	61 	9 	92 	64 	52 	26 	43 	67 	8 	95 	79 	42 	38 	49 	
98 	78 	19 	39 	65 	27 	11 	88 	-1 	65 	53 	66 	65 	52 	74 	51 	83 	12 	66 	76 	63 	67 	50 	79 	28 	11 	77 	11 	18 	8 	36 	50 	63 	49 	56 	61 	88 	28 	55 	34 	73 	32 	74 	49 	54 	15 	47 	24 	43 	14 	45 	73 	89 	53 	33 	95 	61 	48 	51 	52 	82 	89 	22 	43 	58 	56 	35 	51 	8 	32 	76 	32 	65 	53 	20 	20 	36 	27 	26 	97 	35 	79 	14 	42 	86 	53 	27 	91 	84 	46 	79 	66 	63 	45 	84 	26 	17 	49 	85 	99 	
47 	20 	51 	56 	21 	62 	75 	24 	65 	-1 	20 	82 	87 	21 	10 	36 	33 	69 	90 	35 	7 	4 	29 	27 	39 	66 	58 	76 	78 	72 	29 	76 	86 	40 	11 	12 	30 	46 	73 	31 	36 	45 	83 	17 	83 	66 	43 	43 	27 	64 	59 	60 	37 	59 	33 	57 	12 	39 	62 	21 	30 	63 	55 	32 	55 	23 	42 	14 	70 	41 	79 	36 	51 	75 	54 	50 	29 	42 	44 	53 	74 	97 	51 	43 	40 	73 	38 	30 	87 	50 	53 	18 	35 	53 	19 	75 	55 	24 	44 	59 	
66 	40 	36 	56 	36 	58 	63 	43 	53 	20 	-1 	86 	90 	28 	29 	16 	52 	54 	93 	27 	14 	24 	10 	46 	25 	57 	70 	63 	69 	61 	23 	77 	89 	46 	21 	9 	49 	42 	76 	25 	26 	27 	89 	21 	84 	58 	47 	35 	28 	49 	61 	71 	56 	64 	19 	75 	9 	19 	66 	1 	49 	77 	38 	34 	62 	6 	24 	15 	59 	24 	87 	20 	61 	77 	48 	43 	22 	37 	28 	72 	71 	102 	41 	45 	58 	75 	30 	49 	96 	54 	67 	34 	47 	55 	36 	68 	39 	30 	61 	77 	
79 	79 	76 	31 	65 	39 	68 	92 	66 	82 	86 	-1 	8 	61 	85 	96 	71 	77 	11 	112 	85 	80 	92 	73 	73 	55 	38 	69 	57 	63 	64 	16 	9 	42 	71 	88 	83 	48 	11 	63 	112 	86 	10 	67 	16 	51 	39 	57 	58 	79 	25 	33 	76 	23 	74 	63 	88 	96 	20 	86 	73 	48 	83 	52 	27 	92 	86 	73 	61 	83 	16 	76 	35 	13 	49 	52 	66 	53 	79 	71 	32 	16 	61 	41 	68 	13 	61 	89 	20 	32 	47 	68 	50 	31 	94 	44 	77 	58 	62 	67 	
86 	85 	77 	34 	71 	39 	66 	99 	65 	87 	90 	8 	-1 	67 	91 	99 	78 	76 	4 	117 	90 	86 	95 	80 	75 	54 	46 	67 	54 	62 	68 	15 	3 	47 	76 	92 	90 	50 	14 	66 	116 	87 	17 	72 	11 	50 	45 	59 	62 	78 	29 	40 	83 	28 	76 	71 	93 	98 	25 	90 	80 	56 	83 	57 	34 	96 	88 	78 	59 	85 	23 	79 	43 	14 	50 	54 	69 	55 	80 	78 	30 	14 	62 	45 	76 	15 	64 	96 	26 	37 	54 	74 	56 	35 	100 	41 	78 	63 	70 	75 	
47 	27 	44 	36 	14 	43 	62 	38 	52 	21 	28 	61 	67 	-1 	26 	43 	32 	59 	70 	52 	24 	20 	36 	28 	32 	50 	42 	63 	62 	58 	18 	56 	66 	19 	9 	27 	36 	28 	53 	19 	52 	43 	63 	7 	63 	50 	22 	28 	10 	55 	38 	43 	37 	39 	28 	50 	27 	44 	42 	29 	30 	50 	49 	12 	35 	34 	41 	13 	55 	39 	60 	31 	33 	54 	37 	34 	19 	26 	39 	49 	55 	77 	38 	23 	36 	53 	25 	39 	68 	30 	39 	14 	19 	32 	36 	57 	47 	4 	37 	53 	
39 	13 	61 	62 	21 	69 	85 	14 	74 	10 	29 	85 	91 	26 	-1 	45 	27 	79 	94 	40 	15 	7 	39 	21 	49 	75 	57 	85 	87 	81 	38 	81 	91 	44 	19 	21 	21 	54 	78 	40 	41 	55 	85 	25 	88 	75 	47 	51 	35 	74 	64 	60 	30 	63 	43 	52 	21 	48 	66 	30 	24 	60 	65 	38 	58 	32 	52 	24 	79 	52 	81 	46 	52 	79 	62 	58 	39 	50 	55 	47 	81 	100 	60 	49 	34 	78 	47 	20 	88 	55 	51 	18 	36 	57 	10 	82 	65 	30 	40 	54 	
82 	56 	32 	65 	52 	63 	60 	58 	51 	36 	16 	96 	99 	43 	45 	-1 	68 	48 	101 	26 	29 	40 	6 	62 	26 	58 	85 	60 	68 	59 	32 	85 	97 	58 	37 	24 	65 	49 	86 	33 	23 	19 	101 	35 	91 	60 	59 	40 	40 	43 	71 	85 	72 	75 	23 	91 	24 	4 	76 	15 	65 	93 	31 	46 	74 	13 	16 	30 	58 	18 	99 	21 	75 	85 	52 	47 	30 	44 	24 	88 	76 	112 	42 	56 	75 	85 	36 	64 	108 	65 	82 	50 	62 	66 	51 	71 	34 	44 	77 	93 	
15 	14 	76 	57 	18 	69 	93 	25 	83 	33 	52 	71 	78 	32 	27 	68 	-1 	90 	82 	67 	40 	29 	62 	6 	63 	80 	36 	94 	91 	88 	49 	73 	79 	38 	32 	45 	13 	57 	67 	50 	68 	73 	68 	37 	79 	79 	41 	59 	41 	87 	56 	41 	6 	52 	59 	25 	46 	71 	56 	53 	4 	35 	81 	40 	45 	56 	71 	40 	86 	70 	63 	62 	36 	70 	66 	64 	51 	56 	71 	20 	78 	84 	69 	46 	7 	67 	57 	19 	69 	48 	28 	19 	24 	51 	30 	83 	79 	34 	13 	27 	
105 	84 	18 	50 	72 	39 	14 	93 	12 	69 	54 	77 	76 	59 	79 	48 	90 	-1 	77 	74 	66 	71 	50 	86 	30 	22 	87 	13 	27 	16 	42 	62 	74 	59 	61 	63 	94 	37 	67 	40 	71 	29 	86 	55 	66 	26 	57 	32 	50 	6 	57 	84 	96 	64 	36 	104 	63 	45 	62 	53 	89 	99 	17 	51 	69 	56 	33 	55 	18 	31 	88 	34 	76 	64 	31 	30 	41 	36 	26 	106 	47 	91 	22 	52 	94 	65 	34 	96 	96 	57 	89 	72 	72 	56 	88 	36 	15 	57 	94 	108 	
90 	89 	78 	36 	75 	41 	66 	102 	66 	90 	93 	11 	4 	70 	94 	101 	82 	77 	-1 	119 	94 	89 	97 	84 	77 	55 	50 	68 	54 	62 	70 	17 	4 	51 	79 	95 	94 	52 	17 	69 	119 	89 	20 	75 	11 	51 	48 	61 	65 	79 	32 	44 	87 	31 	79 	74 	96 	101 	28 	93 	84 	60 	85 	60 	37 	99 	90 	80 	60 	87 	26 	81 	46 	16 	51 	56 	72 	58 	82 	82 	31 	14 	63 	48 	79 	17 	66 	99 	28 	40 	58 	77 	60 	38 	103 	42 	79 	66 	74 	78 	
78 	52 	57 	83 	56 	84 	86 	48 	76 	35 	27 	112 	117 	52 	40 	26 	67 	74 	119 	-1 	29 	39 	25 	60 	49 	82 	93 	85 	93 	84 	50 	104 	115 	71 	43 	25 	59 	69 	103 	52 	3 	44 	115 	46 	111 	83 	73 	61 	55 	68 	88 	95 	69 	90 	44 	92 	25 	29 	92 	27 	63 	98 	57 	60 	88 	21 	41 	40 	83 	43 	112 	44 	85 	103 	74 	69 	48 	64 	49 	87 	98 	128 	66 	72 	74 	102 	56 	56 	121 	80 	88 	53 	70 	82 	40 	94 	59 	55 	79 	93 	
53 	27 	48 	58 	27 	63 	73 	29 	63 	7 	14 	85 	90 	24 	15 	29 	40 	66 	94 	29 	-1 	11 	23 	34 	36 	65 	64 	74 	77 	70 	28 	79 	90 	43 	15 	5 	36 	47 	77 	30 	30 	40 	87 	19 	86 	66 	46 	42 	29 	61 	62 	66 	44 	63 	30 	64 	6 	33 	65 	15 	37 	69 	51 	34 	60 	17 	37 	14 	69 	37 	84 	32 	56 	78 	54 	49 	28 	42 	41 	60 	76 	101 	50 	46 	47 	76 	37 	35 	92 	53 	59 	24 	41 	56 	23 	75 	51 	27 	51 	66 	
43 	16 	54 	56 	17 	62 	77 	21 	67 	4 	24 	80 	86 	20 	7 	40 	29 	71 	89 	39 	11 	-1 	33 	23 	42 	68 	55 	78 	79 	74 	31 	76 	85 	38 	11 	16 	26 	47 	72 	33 	40 	49 	81 	18 	82 	67 	42 	44 	28 	67 	58 	58 	33 	58 	36 	53 	17 	43 	61 	25 	26 	59 	58 	31 	53 	27 	46 	16 	72 	45 	77 	39 	49 	74 	55 	51 	31 	43 	48 	49 	75 	95 	53 	43 	36 	72 	40 	26 	85 	49 	49 	15 	33 	52 	17 	75 	57 	24 	40 	55 	
76 	50 	32 	61 	46 	60 	61 	52 	50 	29 	10 	92 	95 	36 	39 	6 	62 	50 	97 	25 	23 	33 	-1 	55 	24 	56 	79 	60 	68 	59 	27 	81 	93 	53 	31 	18 	59 	45 	81 	29 	23 	21 	96 	29 	88 	58 	54 	37 	35 	44 	66 	79 	66 	70 	20 	84 	18 	10 	71 	9 	58 	86 	33 	41 	69 	7 	17 	23 	58 	19 	94 	19 	69 	81 	50 	44 	26 	40 	24 	81 	74 	107 	41 	51 	68 	80 	32 	58 	103 	60 	76 	44 	56 	61 	45 	69 	35 	38 	71 	87 	
20 	8 	71 	57 	14 	67 	89 	20 	79 	27 	46 	73 	80 	28 	21 	62 	6 	86 	84 	60 	34 	23 	55 	-1 	59 	77 	40 	90 	88 	85 	45 	73 	80 	37 	27 	39 	10 	54 	68 	46 	62 	68 	71 	32 	79 	76 	41 	55 	37 	83 	56 	44 	11 	53 	54 	32 	39 	65 	57 	47 	3 	41 	76 	37 	46 	50 	65 	34 	83 	64 	66 	57 	38 	70 	63 	60 	46 	53 	66 	27 	77 	87 	65 	44 	14 	68 	53 	16 	72 	47 	32 	14 	24 	50 	24 	81 	74 	30 	19 	33 	
78 	56 	13 	42 	45 	38 	38 	63 	28 	39 	25 	73 	75 	32 	49 	26 	63 	30 	77 	49 	36 	42 	24 	59 	-1 	33 	69 	38 	44 	36 	15 	60 	73 	40 	33 	33 	65 	25 	62 	14 	47 	14 	78 	26 	67 	34 	40 	16 	25 	25 	48 	68 	69 	53 	6 	81 	33 	24 	53 	24 	61 	79 	18 	28 	55 	28 	13 	25 	34 	10 	78 	5 	58 	61 	27 	22 	13 	20 	8 	81 	51 	88 	17 	35 	68 	61 	12 	67 	87 	43 	68 	45 	49 	43 	58 	46 	16 	31 	69 	84 	
94 	77 	27 	30 	63 	17 	14 	88 	11 	66 	57 	55 	54 	50 	75 	58 	80 	22 	55 	82 	65 	68 	56 	77 	33 	-1 	69 	16 	12 	9 	37 	40 	52 	44 	56 	64 	86 	23 	45 	35 	80 	41 	64 	49 	44 	4 	41 	23 	41 	24 	36 	65 	86 	44 	38 	89 	64 	55 	42 	56 	79 	82 	32 	40 	50 	61 	43 	52 	6 	40 	66 	38 	58 	42 	14 	17 	37 	25 	34 	92 	24 	68 	16 	36 	82 	43 	28 	90 	74 	39 	73 	64 	58 	37 	85 	15 	27 	47 	80 	93 	
41 	47 	78 	39 	38 	53 	84 	60 	77 	58 	70 	38 	46 	42 	57 	85 	36 	87 	50 	93 	64 	55 	79 	40 	69 	69 	-1 	85 	77 	79 	55 	45 	47 	29 	50 	68 	49 	50 	38 	55 	93 	82 	33 	50 	50 	66 	30 	57 	45 	86 	34 	6 	39 	27 	67 	25 	68 	86 	31 	71 	39 	12 	84 	41 	20 	76 	81 	56 	76 	78 	27 	70 	11 	41 	57 	57 	57 	52 	76 	32 	57 	49 	65 	36 	32 	39 	58 	55 	33 	30 	9 	40 	23 	33 	64 	65 	80 	41 	25 	29 	
108 	89 	28 	46 	76 	33 	1 	99 	11 	76 	63 	69 	67 	63 	85 	60 	94 	13 	68 	85 	74 	78 	60 	90 	38 	16 	85 	-1 	14 	6 	47 	53 	65 	59 	67 	71 	99 	37 	59 	45 	83 	41 	79 	60 	56 	19 	56 	35 	53 	18 	52 	81 	99 	59 	44 	104 	71 	57 	57 	62 	92 	97 	30 	53 	66 	66 	44 	62 	9 	42 	81 	43 	74 	56 	29 	30 	47 	38 	36 	107 	37 	81 	25 	51 	97 	57 	38 	102 	89 	54 	88 	77 	72 	52 	95 	26 	26 	60 	95 	108 	
104 	89 	37 	37 	74 	24 	13 	100 	18 	78 	69 	57 	54 	62 	87 	68 	91 	27 	54 	93 	77 	79 	68 	88 	44 	12 	77 	14 	-1 	11 	49 	41 	51 	54 	68 	76 	97 	34 	47 	47 	91 	51 	66 	61 	43 	12 	51 	35 	53 	31 	43 	72 	96 	50 	49 	98 	76 	66 	47 	68 	90 	89 	41 	51 	57 	72 	53 	64 	10 	50 	69 	49 	66 	44 	25 	29 	49 	36 	44 	102 	24 	68 	28 	45 	93 	45 	40 	101 	77 	47 	81 	75 	68 	44 	97 	13 	36 	59 	90 	102 	
103 	85 	27 	40 	71 	26 	5 	95 	8 	72 	61 	63 	62 	58 	81 	59 	88 	16 	62 	84 	70 	74 	59 	85 	36 	9 	79 	6 	11 	-1 	43 	47 	59 	53 	63 	68 	94 	32 	53 	41 	82 	41 	73 	56 	51 	13 	50 	30 	48 	20 	46 	75 	94 	53 	41 	99 	69 	56 	51 	60 	87 	91 	30 	48 	59 	64 	43 	58 	3 	41 	75 	41 	68 	50 	23 	25 	43 	33 	35 	101 	32 	76 	21 	45 	91 	51 	34 	97 	83 	48 	82 	72 	67 	46 	91 	21 	26 	55 	89 	103 	
64 	43 	26 	34 	31 	35 	47 	52 	36 	29 	23 	64 	68 	18 	38 	32 	49 	42 	70 	50 	28 	31 	27 	45 	15 	37 	55 	47 	49 	43 	-1 	54 	66 	27 	20 	28 	52 	19 	54 	2 	49 	27 	69 	13 	61 	37 	27 	14 	10 	38 	39 	54 	55 	43 	11 	66 	28 	32 	44 	23 	47 	65 	32 	15 	43 	28 	25 	15 	41 	23 	67 	15 	45 	54 	26 	21 	2 	14 	22 	66 	48 	80 	22 	24 	54 	53 	9 	55 	76 	33 	54 	31 	34 	34 	48 	47 	29 	16 	54 	70 	
83 	77 	62 	21 	62 	24 	52 	91 	50 	76 	77 	16 	15 	56 	81 	85 	73 	62 	17 	104 	79 	76 	81 	73 	60 	40 	45 	53 	41 	47 	54 	-1 	13 	38 	65 	80 	83 	36 	8 	53 	103 	73 	26 	60 	7 	36 	34 	45 	50 	63 	18 	40 	78 	20 	62 	70 	81 	84 	16 	77 	74 	57 	68 	45 	28 	83 	74 	65 	45 	70 	30 	65 	38 	4 	35 	39 	56 	41 	66 	76 	16 	29 	47 	33 	71 	6 	50 	89 	36 	26 	52 	65 	49 	24 	91 	28 	63 	52 	66 	74 	
87 	85 	75 	32 	71 	37 	64 	99 	63 	86 	89 	9 	3 	66 	91 	97 	79 	74 	4 	115 	90 	85 	93 	80 	73 	52 	47 	65 	51 	59 	66 	13 	-1 	47 	75 	91 	90 	48 	13 	65 	115 	86 	19 	71 	9 	48 	44 	57 	61 	76 	28 	41 	83 	28 	75 	72 	92 	97 	24 	89 	80 	57 	81 	56 	34 	95 	86 	76 	57 	83 	25 	77 	43 	12 	48 	52 	68 	54 	78 	79 	28 	17 	60 	44 	76 	13 	62 	96 	29 	36 	55 	73 	56 	34 	100 	39 	76 	62 	71 	76 	
51 	40 	49 	20 	25 	31 	58 	53 	49 	40 	46 	42 	47 	19 	44 	58 	38 	59 	51 	71 	43 	38 	53 	37 	40 	44 	29 	59 	54 	53 	27 	38 	47 	-1 	29 	46 	47 	22 	34 	26 	71 	53 	44 	25 	44 	42 	3 	28 	18 	57 	20 	28 	44 	19 	38 	46 	46 	59 	22 	46 	38 	40 	55 	12 	17 	52 	52 	32 	50 	49 	42 	42 	18 	35 	30 	29 	29 	23 	47 	49 	40 	57 	37 	8 	39 	34 	29 	52 	50 	11 	30 	27 	14 	14 	53 	45 	51 	16 	36 	50 	
47 	23 	45 	45 	15 	51 	67 	32 	56 	11 	21 	71 	76 	9 	19 	37 	32 	61 	79 	43 	15 	11 	31 	27 	33 	56 	50 	67 	68 	63 	20 	65 	75 	29 	-1 	18 	33 	35 	62 	22 	44 	42 	72 	7 	72 	56 	31 	33 	16 	57 	47 	51 	37 	48 	27 	54 	19 	39 	51 	22 	29 	56 	50 	20 	45 	27 	39 	8 	61 	38 	69 	31 	42 	63 	44 	40 	21 	32 	39 	51 	63 	86 	42 	32 	38 	62 	29 	35 	77 	39 	46 	13 	27 	41 	29 	64 	48 	13 	40 	56 	
59 	32 	45 	60 	31 	63 	71 	34 	61 	12 	9 	88 	92 	27 	21 	24 	45 	63 	95 	25 	5 	16 	18 	39 	33 	64 	68 	71 	76 	68 	28 	80 	91 	46 	18 	-1 	41 	47 	79 	30 	25 	36 	90 	21 	87 	65 	48 	41 	30 	58 	63 	70 	49 	65 	27 	69 	0 	27 	68 	10 	42 	74 	47 	36 	62 	11 	33 	15 	67 	33 	87 	29 	60 	79 	54 	49 	27 	42 	37 	66 	76 	103 	48 	48 	52 	78 	36 	40 	95 	56 	63 	29 	45 	57 	27 	74 	48 	30 	56 	71 	
19 	10 	78 	67 	23 	77 	98 	13 	88 	30 	49 	83 	90 	36 	21 	65 	13 	94 	94 	59 	36 	26 	59 	10 	65 	86 	49 	99 	97 	94 	52 	83 	90 	47 	33 	41 	-1 	64 	78 	54 	61 	74 	80 	39 	90 	85 	51 	64 	45 	90 	66 	53 	11 	63 	60 	36 	41 	68 	67 	50 	10 	47 	82 	46 	56 	53 	71 	40 	91 	70 	75 	63 	48 	80 	73 	69 	53 	61 	72 	29 	87 	96 	74 	54 	19 	78 	61 	6 	81 	58 	40 	22 	34 	61 	20 	91 	81 	39 	25 	36 	
71 	55 	30 	17 	40 	16 	36 	66 	28 	46 	42 	48 	50 	28 	54 	49 	57 	37 	52 	69 	47 	47 	45 	54 	25 	23 	50 	37 	34 	32 	19 	36 	48 	22 	35 	47 	64 	-1 	37 	17 	68 	38 	54 	29 	42 	22 	20 	9 	19 	36 	23 	47 	63 	29 	26 	67 	47 	48 	29 	42 	56 	61 	36 	17 	32 	48 	38 	33 	29 	35 	54 	29 	38 	36 	9 	7 	21 	5 	31 	70 	29 	63 	16 	14 	60 	36 	13 	67 	63 	20 	52 	42 	35 	20 	64 	29 	31 	25 	58 	71 	
76 	73 	65 	20 	58 	28 	58 	86 	55 	73 	76 	11 	14 	53 	78 	86 	67 	67 	17 	103 	77 	72 	81 	68 	62 	45 	38 	59 	47 	53 	54 	8 	13 	34 	62 	79 	78 	37 	-1 	52 	102 	75 	19 	58 	12 	41 	31 	46 	48 	68 	15 	32 	72 	15 	63 	63 	79 	85 	11 	76 	68 	49 	71 	43 	22 	82 	75 	64 	51 	72 	22 	66 	32 	4 	38 	41 	56 	42 	68 	69 	23 	26 	50 	31 	65 	2 	50 	83 	30 	23 	45 	61 	44 	21 	87 	34 	66 	49 	60 	67 	
65 	44 	25 	32 	32 	33 	45 	54 	34 	31 	25 	63 	66 	19 	40 	33 	50 	40 	69 	52 	30 	33 	29 	46 	14 	35 	55 	45 	47 	41 	2 	53 	65 	26 	22 	30 	54 	17 	52 	-1 	50 	27 	67 	15 	59 	35 	26 	12 	10 	37 	37 	54 	56 	41 	12 	67 	30 	33 	42 	25 	49 	65 	31 	14 	42 	30 	26 	17 	39 	23 	66 	15 	44 	52 	24 	19 	3 	12 	22 	67 	46 	78 	20 	23 	55 	52 	7 	56 	75 	31 	54 	32 	34 	32 	50 	45 	29 	17 	55 	70 	
80 	54 	55 	82 	56 	83 	83 	50 	73 	36 	26 	112 	116 	52 	41 	23 	68 	71 	119 	3 	30 	40 	23 	62 	47 	80 	93 	83 	91 	82 	49 	103 	115 	71 	44 	25 	61 	68 	102 	50 	-1 	42 	115 	45 	110 	81 	73 	60 	54 	66 	87 	95 	71 	89 	43 	93 	25 	27 	91 	26 	65 	99 	54 	60 	87 	20 	39 	39 	81 	41 	112 	42 	85 	102 	72 	67 	47 	62 	47 	88 	96 	128 	64 	71 	75 	101 	55 	58 	121 	80 	88 	54 	70 	81 	42 	92 	57 	55 	80 	95 	
88 	64 	14 	55 	56 	49 	42 	69 	32 	45 	27 	86 	87 	43 	55 	19 	73 	29 	89 	44 	40 	49 	21 	68 	14 	41 	82 	41 	51 	41 	27 	73 	86 	53 	42 	36 	74 	38 	75 	27 	42 	-1 	92 	37 	79 	43 	53 	29 	37 	24 	61 	81 	79 	66 	16 	93 	36 	15 	67 	26 	71 	92 	12 	41 	68 	27 	3 	34 	40 	4 	91 	12 	71 	74 	38 	34 	25 	33 	7 	92 	62 	101 	27 	49 	79 	73 	25 	74 	100 	57 	81 	55 	61 	57 	63 	55 	15 	43 	80 	96 	
74 	77 	83 	37 	64 	47 	77 	90 	74 	83 	89 	10 	17 	63 	85 	101 	68 	86 	20 	115 	87 	81 	96 	71 	78 	64 	33 	79 	66 	73 	69 	26 	19 	44 	72 	90 	80 	54 	19 	67 	115 	92 	-1 	69 	26 	60 	42 	63 	61 	87 	31 	27 	72 	26 	79 	56 	90 	100 	25 	90 	70 	41 	90 	55 	28 	95 	92 	75 	70 	89 	6 	82 	33 	22 	56 	59 	71 	59 	85 	65 	42 	16 	68 	44 	64 	21 	67 	86 	10 	36 	42 	67 	49 	35 	93 	54 	84 	60 	58 	60 	
52 	30 	39 	39 	19 	44 	60 	39 	49 	17 	21 	67 	72 	7 	25 	35 	37 	55 	75 	46 	19 	18 	29 	32 	26 	49 	50 	60 	61 	56 	13 	60 	71 	25 	7 	21 	39 	29 	58 	15 	45 	37 	69 	-1 	67 	49 	28 	26 	10 	51 	43 	50 	42 	44 	22 	57 	21 	37 	47 	21 	35 	58 	44 	15 	42 	27 	34 	6 	54 	33 	67 	25 	40 	59 	37 	33 	14 	25 	34 	55 	57 	83 	35 	27 	42 	57 	22 	41 	75 	35 	47 	18 	27 	37 	35 	57 	42 	9 	44 	60 	
88 	84 	67 	27 	69 	29 	55 	97 	54 	83 	84 	16 	11 	63 	88 	91 	79 	66 	11 	111 	86 	82 	88 	79 	67 	44 	50 	56 	43 	51 	61 	7 	9 	44 	72 	87 	90 	42 	12 	59 	110 	79 	26 	67 	-1 	40 	41 	51 	57 	68 	25 	44 	84 	26 	69 	75 	87 	90 	23 	84 	80 	61 	74 	52 	34 	89 	79 	72 	49 	76 	31 	71 	44 	9 	40 	45 	63 	48 	71 	82 	19 	25 	52 	40 	77 	11 	56 	95 	36 	33 	57 	71 	55 	31 	97 	30 	68 	59 	72 	79 	
92 	77 	30 	27 	62 	14 	18 	88 	15 	66 	58 	51 	50 	50 	75 	60 	79 	26 	51 	83 	66 	67 	58 	76 	34 	4 	66 	19 	12 	13 	37 	36 	48 	42 	56 	65 	85 	22 	41 	35 	81 	43 	60 	49 	40 	-1 	39 	24 	40 	28 	33 	62 	84 	41 	39 	87 	65 	57 	38 	57 	78 	79 	35 	39 	47 	62 	45 	52 	10 	42 	62 	39 	56 	38 	13 	17 	38 	24 	36 	90 	21 	65 	18 	34 	81 	39 	29 	89 	70 	36 	70 	63 	56 	34 	85 	12 	30 	46 	78 	91 	
54 	44 	48 	16 	29 	28 	55 	57 	47 	43 	47 	39 	45 	22 	47 	59 	41 	57 	48 	73 	46 	42 	54 	41 	40 	41 	30 	56 	51 	50 	27 	34 	44 	3 	31 	48 	51 	20 	31 	26 	73 	53 	42 	28 	41 	39 	-1 	27 	19 	56 	16 	28 	47 	17 	38 	48 	49 	59 	19 	48 	42 	42 	54 	13 	15 	53 	52 	34 	47 	49 	40 	42 	19 	32 	28 	27 	29 	22 	47 	51 	37 	55 	35 	6 	42 	31 	28 	55 	49 	8 	32 	31 	18 	10 	57 	42 	50 	19 	39 	52 	
74 	55 	21 	26 	41 	23 	34 	65 	24 	43 	35 	57 	59 	28 	51 	40 	59 	32 	61 	61 	42 	44 	37 	55 	16 	23 	57 	35 	35 	30 	14 	45 	57 	28 	33 	41 	64 	9 	46 	12 	60 	29 	63 	26 	51 	24 	27 	-1 	18 	30 	32 	55 	65 	38 	18 	72 	41 	39 	38 	35 	58 	68 	28 	19 	41 	40 	29 	29 	28 	26 	63 	20 	45 	45 	13 	7 	14 	5 	22 	74 	36 	73 	10 	21 	63 	45 	5 	67 	72 	29 	58 	42 	40 	29 	61 	33 	23 	25 	62 	76 	
56 	36 	36 	29 	23 	35 	53 	47 	43 	27 	28 	58 	62 	10 	35 	40 	41 	50 	65 	55 	29 	28 	35 	37 	25 	41 	45 	53 	53 	48 	10 	50 	61 	18 	16 	30 	45 	19 	48 	10 	54 	37 	61 	10 	57 	40 	19 	18 	-1 	47 	33 	45 	46 	35 	22 	56 	31 	41 	37 	29 	39 	55 	42 	6 	34 	34 	36 	16 	46 	33 	59 	25 	35 	49 	28 	24 	12 	16 	32 	57 	47 	73 	28 	17 	45 	48 	16 	49 	68 	25 	44 	23 	24 	27 	45 	48 	39 	7 	45 	60 	
102 	80 	13 	50 	69 	40 	19 	88 	14 	64 	49 	79 	78 	55 	74 	43 	87 	6 	79 	68 	61 	67 	44 	83 	25 	24 	86 	18 	31 	20 	38 	63 	76 	57 	57 	58 	90 	36 	68 	37 	66 	24 	87 	51 	68 	28 	56 	30 	47 	-1 	57 	83 	93 	64 	31 	102 	57 	39 	63 	48 	85 	97 	12 	48 	68 	50 	27 	51 	21 	25 	88 	29 	74 	66 	31 	29 	37 	34 	20 	103 	49 	92 	20 	50 	91 	66 	31 	92 	96 	56 	87 	69 	69 	55 	83 	39 	10 	53 	91 	106 	
67 	60 	52 	7 	45 	20 	51 	73 	45 	59 	61 	25 	29 	38 	64 	71 	56 	57 	32 	88 	62 	58 	66 	56 	48 	36 	34 	52 	43 	46 	39 	18 	28 	20 	47 	63 	66 	23 	15 	37 	87 	61 	31 	43 	25 	33 	16 	32 	33 	57 	-1 	30 	61 	7 	48 	57 	64 	70 	6 	61 	57 	47 	59 	28 	15 	67 	61 	48 	43 	58 	31 	51 	25 	16 	26 	29 	41 	28 	54 	62 	23 	41 	37 	16 	56 	15 	36 	71 	40 	9 	40 	47 	32 	6 	73 	31 	54 	35 	51 	61 	
47 	51 	76 	35 	40 	49 	80 	64 	73 	60 	71 	33 	40 	43 	60 	85 	41 	84 	44 	95 	66 	58 	79 	44 	68 	65 	6 	81 	72 	75 	54 	40 	41 	28 	51 	70 	53 	47 	32 	54 	95 	81 	27 	50 	44 	62 	28 	55 	45 	83 	30 	-1 	44 	22 	66 	31 	70 	86 	26 	72 	43 	17 	82 	40 	15 	77 	80 	56 	72 	77 	22 	69 	10 	36 	53 	54 	57 	50 	75 	38 	52 	44 	63 	33 	37 	33 	56 	59 	28 	27 	14 	43 	25 	29 	67 	61 	78 	41 	30 	35 	
10 	17 	81 	63 	24 	75 	99 	24 	89 	37 	56 	76 	83 	37 	30 	72 	6 	96 	87 	69 	44 	33 	66 	11 	69 	86 	39 	99 	96 	94 	55 	78 	83 	44 	37 	49 	11 	63 	72 	56 	71 	79 	72 	42 	84 	84 	47 	65 	46 	93 	61 	44 	-1 	57 	64 	25 	49 	75 	62 	57 	8 	37 	86 	46 	50 	60 	76 	45 	91 	75 	66 	67 	40 	75 	72 	69 	56 	62 	76 	18 	84 	88 	75 	52 	8 	72 	62 	17 	72 	53 	31 	24 	30 	56 	31 	89 	84 	40 	15 	25 	
63 	58 	58 	14 	43 	27 	58 	71 	53 	59 	64 	23 	28 	39 	63 	75 	52 	64 	31 	90 	63 	58 	70 	53 	53 	44 	27 	59 	50 	53 	43 	20 	28 	19 	48 	65 	63 	29 	15 	41 	89 	66 	26 	44 	26 	41 	17 	38 	35 	64 	7 	22 	57 	-1 	53 	51 	66 	75 	4 	64 	54 	40 	65 	30 	8 	70 	66 	50 	50 	63 	25 	56 	18 	17 	33 	35 	45 	33 	60 	57 	29 	38 	44 	19 	51 	15 	41 	69 	34 	10 	33 	46 	29 	9 	72 	38 	60 	36 	46 	55 	
74 	50 	18 	43 	41 	41 	44 	57 	33 	33 	19 	74 	76 	28 	43 	23 	59 	36 	79 	44 	30 	36 	20 	54 	6 	38 	67 	44 	49 	41 	11 	62 	75 	38 	27 	27 	60 	26 	63 	12 	43 	16 	79 	22 	69 	39 	38 	18 	22 	31 	48 	66 	64 	53 	-1 	77 	27 	22 	54 	19 	56 	76 	23 	26 	54 	23 	14 	20 	40 	12 	78 	4 	56 	63 	30 	25 	9 	21 	12 	77 	54 	89 	22 	35 	64 	62 	13 	61 	87 	43 	65 	40 	46 	44 	52 	50 	22 	27 	65 	81 	
21 	40 	92 	61 	39 	75 	103 	49 	95 	57 	75 	63 	71 	50 	52 	91 	25 	104 	74 	92 	64 	53 	84 	32 	81 	89 	25 	104 	98 	99 	66 	70 	72 	46 	54 	69 	36 	67 	63 	67 	93 	93 	56 	57 	75 	87 	48 	72 	56 	102 	57 	31 	25 	51 	77 	-1 	70 	93 	55 	76 	29 	16 	98 	54 	43 	80 	91 	61 	96 	89 	50 	81 	33 	66 	76 	75 	68 	68 	89 	9 	80 	72 	82 	54 	18 	64 	72 	41 	54 	51 	18 	40 	33 	54 	55 	88 	95 	50 	13 	4 	
59 	33 	45 	60 	32 	63 	71 	34 	61 	12 	9 	88 	93 	27 	21 	24 	46 	63 	96 	25 	6 	17 	18 	39 	33 	64 	68 	71 	76 	69 	28 	81 	92 	46 	19 	0 	41 	47 	79 	30 	25 	36 	90 	21 	87 	65 	49 	41 	31 	57 	64 	70 	49 	66 	27 	70 	-1 	27 	68 	10 	42 	74 	47 	36 	63 	11 	33 	15 	67 	33 	87 	29 	60 	80 	54 	49 	27 	42 	37 	66 	76 	104 	48 	48 	53 	78 	36 	41 	96 	56 	64 	30 	45 	58 	27 	75 	48 	30 	56 	72 	
85 	59 	29 	65 	54 	62 	57 	61 	48 	39 	19 	96 	98 	44 	48 	4 	71 	45 	101 	29 	33 	43 	10 	65 	24 	55 	86 	57 	66 	56 	32 	84 	97 	59 	39 	27 	68 	48 	85 	33 	27 	15 	100 	37 	90 	57 	59 	39 	41 	39 	70 	86 	75 	75 	22 	93 	27 	-1 	76 	18 	68 	94 	27 	46 	75 	16 	13 	32 	55 	15 	99 	20 	76 	84 	51 	46 	30 	43 	21 	90 	75 	111 	40 	56 	77 	84 	35 	68 	108 	65 	83 	53 	64 	65 	54 	69 	31 	45 	80 	96 	
67 	61 	58 	12 	47 	25 	56 	75 	51 	62 	66 	20 	25 	42 	66 	76 	56 	62 	28 	92 	65 	61 	71 	57 	53 	42 	31 	57 	47 	51 	44 	16 	24 	22 	51 	68 	67 	29 	11 	42 	91 	67 	25 	47 	23 	38 	19 	38 	37 	63 	6 	26 	62 	4 	54 	55 	68 	76 	-1 	66 	57 	43 	65 	32 	12 	72 	66 	53 	48 	63 	26 	57 	23 	13 	32 	34 	46 	33 	60 	61 	26 	36 	43 	20 	55 	11 	41 	72 	34 	12 	37 	49 	33 	10 	75 	35 	60 	38 	50 	59 	
67 	41 	35 	56 	37 	57 	62 	44 	52 	21 	1 	86 	90 	29 	30 	15 	53 	53 	93 	27 	15 	25 	9 	47 	24 	56 	71 	62 	68 	60 	23 	77 	89 	46 	22 	10 	50 	42 	76 	25 	26 	26 	90 	21 	84 	57 	48 	35 	29 	48 	61 	72 	57 	64 	19 	76 	10 	18 	66 	-1 	50 	78 	37 	34 	63 	6 	22 	15 	58 	23 	87 	20 	62 	77 	47 	42 	21 	37 	27 	73 	71 	102 	40 	46 	59 	76 	29 	50 	96 	54 	67 	35 	48 	55 	38 	68 	38 	30 	62 	78 	
17 	11 	74 	58 	16 	69 	92 	22 	82 	30 	49 	73 	80 	30 	24 	65 	4 	89 	84 	63 	37 	26 	58 	3 	61 	79 	39 	92 	90 	87 	47 	74 	80 	38 	29 	42 	10 	56 	68 	49 	65 	71 	70 	35 	80 	78 	42 	58 	39 	85 	57 	43 	8 	54 	56 	29 	42 	68 	57 	50 	-1 	39 	79 	39 	46 	53 	68 	37 	85 	67 	65 	60 	38 	71 	65 	63 	49 	55 	68 	24 	78 	86 	68 	46 	11 	69 	55 	16 	71 	48 	31 	17 	25 	51 	27 	83 	77 	33 	17 	30 	
35 	49 	89 	52 	42 	66 	96 	60 	89 	63 	77 	48 	56 	50 	60 	93 	35 	99 	60 	98 	69 	59 	86 	41 	79 	82 	12 	97 	89 	91 	65 	57 	57 	40 	56 	74 	47 	61 	49 	65 	99 	92 	41 	58 	61 	79 	42 	68 	55 	97 	47 	17 	37 	40 	76 	16 	74 	94 	43 	78 	39 	-1 	95 	51 	32 	83 	90 	63 	88 	88 	35 	80 	23 	53 	69 	69 	67 	63 	87 	25 	69 	57 	77 	47 	29 	51 	68 	53 	38 	43 	11 	45 	31 	45 	65 	78 	91 	50 	22 	19 	
96 	73 	7 	52 	63 	44 	30 	79 	22 	55 	38 	83 	83 	49 	65 	31 	81 	17 	85 	57 	51 	58 	33 	76 	18 	32 	84 	30 	41 	30 	32 	68 	81 	55 	50 	47 	82 	36 	71 	31 	54 	12 	90 	44 	74 	35 	54 	28 	42 	12 	59 	82 	86 	65 	23 	98 	47 	27 	65 	37 	79 	95 	-1 	45 	68 	39 	16 	42 	30 	14 	90 	19 	73 	70 	34 	30 	30 	33 	11 	98 	55 	97 	22 	49 	86 	70 	27 	84 	99 	57 	85 	62 	66 	56 	74 	47 	6 	48 	86 	102 	
55 	38 	38 	25 	23 	31 	52 	50 	43 	32 	34 	52 	57 	12 	38 	46 	40 	51 	60 	60 	34 	31 	41 	37 	28 	40 	41 	53 	51 	48 	15 	45 	56 	12 	20 	36 	46 	17 	43 	14 	60 	41 	55 	15 	52 	39 	13 	19 	6 	48 	28 	40 	46 	30 	26 	54 	36 	46 	32 	34 	39 	51 	45 	-1 	29 	40 	40 	21 	45 	38 	53 	30 	30 	44 	26 	23 	17 	16 	36 	55 	43 	68 	29 	12 	43 	42 	18 	50 	62 	20 	40 	24 	21 	22 	48 	45 	41 	8 	42 	57 	
55 	52 	62 	20 	38 	34 	64 	65 	58 	55 	62 	27 	34 	35 	58 	74 	45 	69 	37 	88 	60 	53 	69 	46 	55 	50 	20 	66 	57 	59 	43 	28 	34 	17 	45 	62 	56 	32 	22 	42 	87 	68 	28 	42 	34 	47 	15 	41 	34 	68 	15 	15 	50 	8 	54 	43 	63 	75 	12 	63 	46 	32 	68 	29 	-1 	68 	67 	48 	56 	64 	25 	57 	10 	25 	38 	39 	45 	36 	62 	49 	37 	42 	48 	19 	43 	23 	43 	62 	33 	12 	25 	40 	22 	13 	66 	46 	64 	33 	38 	47 	
70 	44 	38 	62 	41 	63 	66 	45 	56 	23 	6 	92 	96 	34 	32 	13 	56 	56 	99 	21 	17 	27 	7 	50 	28 	61 	76 	66 	72 	64 	28 	83 	95 	52 	27 	11 	53 	48 	82 	30 	20 	27 	95 	27 	89 	62 	53 	40 	34 	50 	67 	77 	60 	70 	23 	80 	11 	16 	72 	6 	53 	83 	39 	40 	68 	-1 	24 	21 	63 	25 	93 	24 	67 	82 	53 	48 	27 	42 	30 	76 	76 	108 	45 	51 	63 	81 	35 	52 	102 	60 	72 	39 	53 	61 	38 	73 	41 	36 	66 	82 	
86 	61 	16 	55 	53 	50 	44 	66 	35 	42 	24 	86 	88 	41 	52 	16 	71 	33 	90 	41 	37 	46 	17 	65 	13 	43 	81 	44 	53 	43 	25 	74 	86 	52 	39 	33 	71 	38 	75 	26 	39 	3 	92 	34 	79 	45 	52 	29 	36 	27 	61 	80 	76 	66 	14 	91 	33 	13 	66 	22 	68 	90 	16 	40 	67 	24 	-1 	31 	43 	3 	91 	11 	70 	74 	39 	34 	23 	33 	9 	90 	63 	101 	28 	48 	77 	74 	25 	71 	100 	56 	79 	52 	60 	57 	60 	57 	18 	41 	78 	94 	
55 	30 	38 	45 	23 	49 	61 	38 	51 	14 	15 	73 	78 	13 	24 	30 	40 	55 	80 	40 	14 	16 	23 	34 	25 	52 	56 	62 	64 	58 	15 	65 	76 	32 	8 	15 	40 	33 	64 	17 	39 	34 	75 	6 	72 	52 	34 	29 	16 	51 	48 	56 	45 	50 	20 	61 	15 	32 	53 	15 	37 	63 	42 	21 	48 	21 	31 	-1 	56 	30 	73 	23 	47 	64 	40 	36 	15 	28 	32 	59 	62 	89 	37 	33 	46 	63 	24 	42 	81 	41 	52 	21 	33 	43 	33 	61 	41 	15 	48 	64 	
100 	82 	27 	37 	68 	23 	8 	92 	8 	70 	59 	61 	59 	55 	79 	58 	86 	18 	60 	83 	69 	72 	58 	83 	34 	6 	76 	9 	10 	3 	41 	45 	57 	50 	61 	67 	91 	29 	51 	39 	81 	40 	70 	54 	49 	10 	47 	28 	46 	21 	43 	72 	91 	50 	40 	96 	67 	55 	48 	58 	85 	88 	30 	45 	56 	63 	43 	56 	-1 	40 	72 	39 	65 	48 	20 	22 	41 	30 	34 	99 	29 	74 	19 	42 	88 	49 	32 	95 	80 	45 	79 	69 	64 	43 	89 	19 	25 	52 	86 	100 	
84 	60 	14 	52 	52 	47 	42 	66 	32 	41 	24 	83 	85 	39 	52 	18 	70 	31 	87 	43 	37 	45 	19 	64 	10 	40 	78 	42 	50 	41 	23 	70 	83 	49 	38 	33 	70 	35 	72 	23 	41 	4 	89 	33 	76 	42 	49 	26 	33 	25 	58 	77 	75 	63 	12 	89 	33 	15 	63 	23 	67 	88 	14 	38 	64 	25 	3 	30 	40 	-1 	88 	8 	67 	71 	36 	31 	21 	30 	6 	88 	60 	98 	25 	45 	75 	71 	22 	71 	97 	53 	77 	51 	57 	54 	60 	54 	16 	39 	76 	92 	
68 	72 	83 	38 	60 	49 	80 	86 	76 	79 	87 	16 	23 	60 	81 	99 	63 	88 	26 	112 	84 	77 	94 	66 	78 	66 	27 	81 	69 	75 	67 	30 	25 	42 	69 	87 	75 	54 	22 	66 	112 	91 	6 	67 	31 	62 	40 	63 	59 	88 	31 	22 	66 	25 	78 	50 	87 	99 	26 	87 	65 	35 	90 	53 	25 	93 	91 	73 	72 	88 	-1 	81 	29 	26 	57 	60 	69 	58 	85 	59 	46 	22 	69 	43 	59 	24 	66 	81 	9 	35 	36 	63 	44 	35 	88 	57 	85 	58 	52 	54 	
77 	53 	16 	45 	44 	42 	43 	60 	32 	36 	20 	76 	79 	31 	46 	21 	62 	34 	81 	44 	32 	39 	19 	57 	5 	38 	70 	43 	49 	41 	15 	65 	77 	42 	31 	29 	63 	29 	66 	15 	42 	12 	82 	25 	71 	39 	42 	20 	25 	29 	51 	69 	67 	56 	4 	81 	29 	20 	57 	20 	60 	80 	19 	30 	57 	24 	11 	23 	39 	8 	81 	-1 	59 	65 	31 	26 	13 	24 	9 	80 	55 	92 	22 	38 	67 	64 	15 	65 	90 	46 	69 	43 	49 	46 	55 	51 	19 	31 	68 	84 	
45 	44 	66 	29 	32 	43 	73 	58 	65 	51 	61 	35 	43 	33 	52 	75 	36 	76 	46 	85 	56 	49 	69 	38 	58 	58 	11 	74 	66 	68 	45 	38 	43 	18 	42 	60 	48 	38 	32 	44 	85 	71 	33 	40 	44 	56 	19 	45 	35 	74 	25 	10 	40 	18 	56 	33 	60 	76 	23 	62 	38 	23 	73 	30 	10 	67 	70 	47 	65 	67 	29 	59 	-1 	35 	45 	46 	47 	41 	65 	38 	47 	49 	54 	24 	34 	32 	47 	54 	36 	19 	15 	34 	16 	22 	60 	55 	69 	31 	28 	37 	
79 	75 	63 	20 	60 	26 	55 	88 	53 	75 	77 	13 	14 	54 	79 	85 	70 	64 	16 	103 	78 	74 	81 	70 	61 	42 	41 	56 	44 	50 	54 	4 	12 	35 	63 	79 	80 	36 	4 	52 	102 	74 	22 	59 	9 	38 	32 	45 	49 	66 	16 	36 	75 	17 	63 	66 	80 	84 	13 	77 	71 	53 	70 	44 	25 	82 	74 	64 	48 	71 	26 	65 	35 	-1 	36 	40 	56 	42 	67 	73 	20 	27 	48 	32 	68 	2 	50 	86 	33 	25 	49 	62 	46 	22 	89 	31 	65 	51 	63 	70 	
80 	64 	27 	19 	49 	11 	28 	75 	20 	54 	48 	49 	50 	37 	62 	52 	66 	31 	51 	74 	54 	55 	50 	63 	27 	14 	57 	29 	25 	23 	26 	35 	48 	30 	44 	54 	73 	9 	38 	24 	72 	38 	56 	37 	40 	13 	28 	13 	28 	31 	26 	53 	72 	33 	30 	76 	54 	51 	32 	47 	65 	69 	34 	26 	38 	53 	39 	40 	20 	36 	57 	31 	45 	36 	-1 	5 	26 	12 	31 	79 	24 	63 	12 	22 	68 	36 	18 	76 	66 	26 	59 	51 	44 	25 	72 	21 	28 	34 	66 	80 	
78 	60 	24 	22 	46 	16 	29 	71 	20 	50 	43 	52 	54 	34 	58 	47 	64 	30 	56 	69 	49 	51 	44 	60 	22 	17 	57 	30 	29 	25 	21 	39 	52 	29 	40 	49 	69 	7 	41 	19 	67 	34 	59 	33 	45 	17 	27 	7 	24 	29 	29 	54 	69 	35 	25 	75 	49 	46 	34 	42 	63 	69 	30 	23 	39 	48 	34 	36 	22 	31 	60 	26 	46 	40 	5 	-1 	22 	8 	26 	77 	29 	68 	9 	22 	66 	40 	13 	73 	68 	27 	59 	47 	43 	26 	68 	26 	25 	30 	65 	79 	
66 	44 	25 	36 	33 	36 	46 	52 	36 	29 	22 	66 	69 	19 	39 	30 	51 	41 	72 	48 	28 	31 	26 	46 	13 	37 	57 	47 	49 	43 	2 	56 	68 	29 	21 	27 	53 	21 	56 	3 	47 	25 	71 	14 	63 	38 	29 	14 	12 	37 	41 	57 	56 	45 	9 	68 	27 	30 	46 	21 	49 	67 	30 	17 	45 	27 	23 	15 	41 	21 	69 	13 	47 	56 	26 	22 	-1 	15 	20 	68 	50 	82 	22 	26 	56 	55 	9 	56 	78 	35 	56 	32 	36 	36 	48 	47 	28 	18 	56 	72 	
70 	52 	26 	22 	38 	21 	37 	63 	27 	42 	37 	53 	55 	26 	50 	44 	56 	36 	58 	64 	42 	43 	40 	53 	20 	25 	52 	38 	36 	33 	14 	41 	54 	23 	32 	42 	61 	5 	42 	12 	62 	33 	59 	25 	48 	24 	22 	5 	16 	34 	28 	50 	62 	33 	21 	68 	42 	43 	33 	37 	55 	63 	33 	16 	36 	42 	33 	28 	30 	30 	58 	24 	41 	42 	12 	8 	15 	-1 	26 	70 	34 	68 	14 	16 	59 	41 	8 	65 	67 	24 	53 	39 	36 	24 	60 	33 	28 	22 	58 	72 	
86 	62 	8 	48 	52 	42 	36 	69 	26 	44 	28 	79 	80 	39 	55 	24 	71 	26 	82 	49 	41 	48 	24 	66 	8 	34 	76 	36 	44 	35 	22 	66 	78 	47 	39 	37 	72 	31 	68 	22 	47 	7 	85 	34 	71 	36 	47 	22 	32 	20 	54 	75 	76 	60 	12 	89 	37 	21 	60 	27 	68 	87 	11 	36 	62 	30 	9 	32 	34 	6 	85 	9 	65 	67 	31 	26 	20 	26 	-1 	88 	55 	94 	19 	42 	76 	66 	19 	73 	93 	50 	76 	52 	56 	50 	63 	48 	11 	38 	76 	92 	
12 	34 	92 	66 	37 	79 	106 	42 	97 	53 	72 	71 	78 	49 	47 	88 	20 	106 	82 	87 	60 	49 	81 	27 	81 	92 	32 	107 	102 	101 	66 	76 	79 	49 	51 	66 	29 	70 	69 	67 	88 	92 	65 	55 	82 	90 	51 	74 	57 	103 	62 	38 	18 	57 	77 	9 	66 	90 	61 	73 	24 	25 	98 	55 	49 	76 	90 	59 	99 	88 	59 	80 	38 	73 	79 	77 	68 	70 	88 	-1 	85 	81 	84 	57 	13 	70 	73 	34 	62 	56 	24 	38 	35 	59 	49 	92 	95 	50 	12 	8 	
90 	80 	50 	21 	65 	13 	36 	92 	35 	74 	71 	32 	30 	55 	81 	76 	78 	47 	31 	98 	76 	75 	74 	77 	51 	24 	57 	37 	24 	32 	48 	16 	28 	40 	63 	76 	87 	29 	23 	46 	96 	62 	42 	57 	19 	21 	37 	36 	47 	49 	23 	52 	84 	29 	54 	80 	76 	75 	26 	71 	78 	69 	55 	43 	37 	76 	63 	62 	29 	60 	46 	55 	47 	20 	24 	29 	50 	34 	55 	85 	-1 	44 	35 	33 	78 	21 	42 	92 	52 	30 	62 	66 	54 	27 	91 	11 	50 	51 	74 	84 	
90 	93 	91 	47 	79 	53 	80 	106 	79 	97 	102 	16 	14 	77 	100 	112 	84 	91 	14 	128 	101 	95 	107 	87 	88 	68 	49 	81 	68 	76 	80 	29 	17 	57 	86 	103 	96 	63 	26 	78 	128 	101 	16 	83 	25 	65 	55 	73 	73 	92 	41 	44 	88 	38 	89 	72 	104 	111 	36 	102 	86 	57 	97 	68 	42 	108 	101 	89 	74 	98 	22 	92 	49 	27 	63 	68 	82 	68 	94 	81 	44 	-1 	76 	56 	80 	28 	77 	102 	20 	48 	58 	82 	64 	47 	108 	55 	92 	74 	74 	76 	
84 	64 	15 	31 	51 	23 	25 	74 	14 	51 	41 	61 	62 	38 	60 	42 	69 	22 	63 	66 	50 	53 	41 	65 	17 	16 	65 	25 	28 	21 	22 	47 	60 	37 	42 	48 	74 	16 	50 	20 	64 	27 	68 	35 	52 	18 	35 	10 	28 	20 	37 	63 	75 	44 	22 	82 	48 	40 	43 	40 	68 	77 	22 	29 	48 	45 	28 	37 	19 	25 	69 	22 	54 	48 	12 	9 	22 	14 	19 	84 	35 	76 	-1 	30 	73 	48 	13 	77 	77 	36 	67 	52 	50 	35 	70 	29 	16 	35 	72 	86 	
59 	47 	43 	13 	31 	23 	50 	59 	42 	43 	45 	41 	45 	23 	49 	56 	46 	52 	48 	72 	46 	43 	51 	44 	35 	36 	36 	51 	45 	45 	24 	33 	44 	8 	32 	48 	54 	14 	31 	23 	71 	49 	44 	27 	40 	34 	6 	21 	17 	50 	16 	33 	52 	19 	35 	54 	48 	56 	20 	46 	46 	47 	49 	12 	19 	51 	48 	33 	42 	45 	43 	38 	24 	32 	22 	22 	26 	16 	42 	57 	33 	56 	30 	-1 	47 	31 	23 	59 	52 	9 	37 	33 	23 	10 	58 	37 	45 	19 	45 	58 	
12 	22 	80 	58 	23 	70 	96 	31 	86 	40 	58 	68 	76 	36 	34 	75 	7 	94 	79 	74 	47 	36 	68 	14 	68 	82 	32 	97 	93 	91 	54 	71 	76 	39 	38 	52 	19 	60 	65 	55 	75 	79 	64 	42 	77 	81 	42 	63 	45 	91 	56 	37 	8 	51 	64 	18 	53 	77 	55 	59 	11 	29 	86 	43 	43 	63 	77 	46 	88 	75 	59 	67 	34 	68 	68 	66 	56 	59 	76 	13 	78 	80 	73 	47 	-1 	66 	61 	24 	64 	48 	23 	25 	25 	51 	37 	84 	83 	38 	7 	19 	
77 	73 	63 	19 	58 	26 	56 	86 	53 	73 	75 	13 	15 	53 	78 	85 	67 	65 	17 	102 	76 	72 	80 	68 	61 	43 	39 	57 	45 	51 	53 	6 	13 	34 	62 	78 	78 	36 	2 	52 	101 	73 	21 	57 	11 	39 	31 	45 	48 	66 	15 	33 	72 	15 	62 	64 	78 	84 	11 	76 	69 	51 	70 	42 	23 	81 	74 	63 	49 	71 	24 	64 	32 	2 	36 	40 	55 	41 	66 	70 	21 	28 	48 	31 	66 	-1 	49 	84 	31 	23 	46 	61 	44 	21 	87 	33 	65 	49 	61 	68 	
72 	51 	20 	30 	39 	28 	38 	61 	27 	38 	30 	61 	64 	25 	47 	36 	57 	34 	66 	56 	37 	40 	32 	53 	12 	28 	58 	38 	40 	34 	9 	50 	62 	29 	29 	36 	61 	13 	50 	7 	55 	25 	67 	22 	56 	29 	28 	5 	16 	31 	36 	56 	62 	41 	13 	72 	36 	35 	41 	29 	55 	68 	27 	18 	43 	35 	25 	24 	32 	22 	66 	15 	47 	50 	18 	13 	9 	8 	19 	73 	42 	77 	13 	23 	61 	49 	-1 	63 	75 	31 	58 	39 	39 	32 	57 	38 	23 	23 	60 	75 	
23 	12 	80 	71 	27 	81 	101 	9 	91 	30 	49 	89 	96 	39 	20 	64 	19 	96 	99 	56 	35 	26 	58 	16 	67 	90 	55 	102 	101 	97 	55 	89 	96 	52 	35 	40 	6 	67 	83 	56 	58 	74 	86 	41 	95 	89 	55 	67 	49 	92 	71 	59 	17 	69 	61 	41 	41 	68 	72 	50 	16 	53 	84 	50 	62 	52 	71 	42 	95 	71 	81 	65 	54 	86 	76 	73 	56 	65 	73 	34 	92 	102 	77 	59 	24 	84 	63 	-1 	87 	63 	46 	26 	40 	66 	16 	95 	83 	43 	31 	41 	
73 	79 	92 	46 	68 	57 	87 	92 	84 	87 	96 	20 	26 	68 	88 	108 	69 	96 	28 	121 	92 	85 	103 	72 	87 	74 	33 	89 	77 	83 	76 	36 	29 	50 	77 	95 	81 	63 	30 	75 	121 	100 	10 	75 	36 	70 	49 	72 	68 	96 	40 	28 	72 	34 	87 	54 	96 	108 	34 	96 	71 	38 	99 	62 	33 	102 	100 	81 	80 	97 	9 	90 	36 	33 	66 	68 	78 	67 	93 	62 	52 	20 	77 	52 	64 	31 	75 	87 	-1 	43 	41 	71 	52 	43 	96 	64 	94 	66 	57 	57 	
60 	51 	50 	10 	36 	23 	53 	64 	46 	50 	54 	32 	37 	30 	55 	65 	48 	57 	40 	80 	53 	49 	60 	47 	43 	39 	30 	54 	47 	48 	33 	26 	36 	11 	39 	56 	58 	20 	23 	31 	80 	57 	36 	35 	33 	36 	8 	29 	25 	56 	9 	27 	53 	10 	43 	51 	56 	65 	12 	54 	48 	43 	57 	20 	12 	60 	56 	41 	45 	53 	35 	46 	19 	25 	26 	27 	35 	24 	50 	56 	30 	48 	36 	9 	48 	23 	31 	63 	43 	-1 	34 	38 	24 	3 	64 	37 	52 	26 	44 	56 	
32 	40 	78 	44 	32 	57 	87 	52 	79 	53 	67 	47 	54 	39 	51 	82 	28 	89 	58 	88 	59 	49 	76 	32 	68 	73 	9 	88 	81 	82 	54 	52 	55 	30 	46 	63 	40 	52 	45 	54 	88 	81 	42 	47 	57 	70 	32 	58 	44 	87 	40 	14 	31 	33 	65 	18 	64 	83 	37 	67 	31 	11 	85 	40 	25 	72 	79 	52 	79 	77 	36 	69 	15 	49 	59 	59 	56 	53 	76 	24 	62 	58 	67 	37 	23 	46 	58 	46 	41 	34 	-1 	35 	20 	37 	56 	70 	81 	39 	16 	22 	
34 	13 	57 	46 	3 	55 	76 	26 	66 	18 	34 	68 	74 	14 	18 	50 	19 	72 	77 	53 	24 	15 	44 	14 	45 	64 	40 	77 	75 	72 	31 	65 	73 	27 	13 	29 	22 	42 	61 	32 	54 	55 	67 	18 	71 	63 	31 	42 	23 	69 	47 	43 	24 	46 	40 	40 	30 	53 	49 	35 	17 	45 	62 	24 	40 	39 	52 	21 	69 	51 	63 	43 	34 	62 	51 	47 	32 	39 	52 	38 	66 	82 	52 	33 	25 	61 	39 	26 	71 	38 	35 	-1 	19 	41 	26 	69 	60 	17 	27 	43 	
37 	29 	59 	33 	16 	45 	72 	43 	63 	35 	47 	50 	56 	19 	36 	62 	24 	72 	60 	70 	41 	33 	56 	24 	49 	58 	23 	72 	68 	67 	34 	49 	56 	14 	27 	45 	34 	35 	44 	34 	70 	61 	49 	27 	55 	56 	18 	40 	24 	69 	32 	25 	30 	29 	46 	33 	45 	64 	33 	48 	25 	31 	66 	21 	22 	53 	60 	33 	64 	57 	44 	49 	16 	46 	44 	43 	36 	36 	56 	35 	54 	64 	50 	23 	25 	44 	39 	40 	52 	24 	20 	19 	-1 	27 	44 	59 	62 	19 	22 	36 	
63 	54 	49 	7 	39 	21 	51 	67 	45 	53 	55 	31 	35 	32 	57 	66 	51 	56 	38 	82 	56 	52 	61 	50 	43 	37 	33 	52 	44 	46 	34 	24 	34 	14 	41 	57 	61 	20 	21 	32 	81 	57 	35 	37 	31 	34 	10 	29 	27 	55 	6 	29 	56 	9 	44 	54 	58 	65 	10 	55 	51 	45 	56 	22 	13 	61 	57 	43 	43 	54 	35 	46 	22 	22 	25 	26 	36 	24 	50 	59 	27 	47 	35 	10 	51 	21 	32 	66 	43 	3 	37 	41 	27 	-1 	67 	34 	51 	28 	47 	58 	
39 	17 	70 	72 	29 	79 	94 	8 	84 	19 	36 	94 	100 	36 	10 	51 	30 	88 	103 	40 	23 	17 	45 	24 	58 	85 	64 	95 	97 	91 	48 	91 	100 	53 	29 	27 	20 	64 	87 	50 	42 	63 	93 	35 	97 	85 	57 	61 	45 	83 	73 	67 	31 	72 	52 	55 	27 	54 	75 	38 	27 	65 	74 	48 	66 	38 	60 	33 	89 	60 	88 	55 	60 	89 	72 	68 	48 	60 	63 	49 	91 	108 	70 	58 	37 	87 	57 	16 	96 	64 	56 	26 	44 	67 	-1 	92 	73 	40 	43 	56 	
96 	83 	42 	27 	68 	14 	25 	95 	26 	75 	68 	44 	41 	57 	82 	71 	83 	36 	42 	94 	75 	75 	69 	81 	46 	15 	65 	26 	13 	21 	47 	28 	39 	45 	64 	74 	91 	29 	34 	45 	92 	55 	54 	57 	30 	12 	42 	33 	48 	39 	31 	61 	89 	38 	50 	88 	75 	69 	35 	68 	83 	78 	47 	45 	46 	73 	57 	61 	19 	54 	57 	51 	55 	31 	21 	26 	47 	33 	48 	92 	11 	55 	29 	37 	84 	33 	38 	95 	64 	37 	70 	69 	59 	34 	92 	-1 	42 	53 	81 	92 	
94 	71 	3 	47 	60 	39 	26 	79 	17 	55 	39 	77 	78 	47 	65 	34 	79 	15 	79 	59 	51 	57 	35 	74 	16 	27 	80 	26 	36 	26 	29 	63 	76 	51 	48 	48 	81 	31 	66 	29 	57 	15 	84 	42 	68 	30 	50 	23 	39 	10 	54 	78 	84 	60 	22 	95 	48 	31 	60 	38 	77 	91 	6 	41 	64 	41 	18 	41 	25 	16 	85 	19 	69 	65 	28 	25 	28 	28 	11 	95 	50 	92 	16 	45 	83 	65 	23 	83 	94 	52 	81 	60 	62 	51 	73 	42 	-1 	45 	83 	98 	
49 	30 	42 	32 	16 	39 	59 	42 	49 	24 	30 	58 	63 	4 	30 	44 	34 	57 	66 	55 	27 	24 	38 	30 	31 	47 	41 	60 	59 	55 	16 	52 	62 	16 	13 	30 	39 	25 	49 	17 	55 	43 	60 	9 	59 	46 	19 	25 	7 	53 	35 	41 	40 	36 	27 	50 	30 	45 	38 	30 	33 	50 	48 	8 	33 	36 	41 	15 	52 	39 	58 	31 	31 	51 	34 	30 	18 	22 	38 	50 	51 	74 	35 	19 	38 	49 	23 	43 	66 	26 	39 	17 	19 	28 	40 	53 	45 	-1 	38 	54 	
16 	27 	80 	54 	25 	67 	94 	38 	85 	44 	61 	62 	70 	37 	40 	77 	13 	94 	74 	79 	51 	40 	71 	19 	69 	80 	25 	95 	90 	89 	54 	66 	71 	36 	40 	56 	25 	58 	60 	55 	80 	80 	58 	44 	72 	78 	39 	62 	45 	91 	51 	30 	15 	46 	65 	13 	56 	80 	50 	62 	17 	22 	86 	42 	38 	66 	78 	48 	86 	76 	52 	68 	28 	63 	66 	65 	56 	58 	76 	12 	74 	74 	72 	45 	7 	61 	60 	31 	57 	44 	16 	27 	22 	47 	43 	81 	83 	38 	-1 	16 	
19 	41 	96 	65 	41 	79 	107 	49 	99 	59 	77 	67 	75 	53 	54 	93 	27 	108 	78 	93 	66 	55 	87 	33 	84 	93 	29 	108 	102 	103 	70 	74 	76 	50 	56 	71 	36 	71 	67 	70 	95 	96 	60 	60 	79 	91 	52 	76 	60 	106 	61 	35 	25 	55 	81 	4 	72 	96 	59 	78 	30 	19 	102 	57 	47 	82 	94 	64 	100 	92 	54 	84 	37 	70 	80 	79 	72 	72 	92 	8 	84 	76 	86 	58 	19 	68 	75 	41 	57 	56 	22 	43 	36 	58 	56 	92 	98 	54 	16 	-1 	
