-1 	61 	60 	94 	88 	88 	82 	49 	88 	73 	76 	78 	42 	42 	62 	70 	80 	82 	69 	45 	55 	59 	60 	79 	61 	46 	45 	94 	66 	65 	90 	49 	12 	47 	92 	90 	52 	94 	85 	57 	81 	89 	56 	79 	75 	125 	52 	40 	68 	67 	48 	18 	61 	61 	46 	48 	73 	58 	100 	30 	106 	108 	104 	106 	24 	33 	59 	13 	63 	32 	93 	37 	75 	84 	51 	96 	68 	93 	77 	35 	79 	87 	90 	80 	97 	41 	90 	21 	81 	86 	71 	25 	39 	92 	48 	45 	52 	84 	82 	84 	
61 	-1 	59 	35 	30 	30 	73 	26 	53 	15 	91 	18 	26 	22 	17 	66 	26 	32 	25 	70 	73 	16 	55 	34 	83 	34 	16 	79 	87 	25 	75 	76 	52 	56 	47 	32 	15 	40 	25 	63 	33 	42 	11 	42 	85 	88 	56 	27 	23 	16 	19 	58 	84 	9 	33 	46 	14 	33 	62 	67 	85 	64 	69 	75 	43 	35 	31 	48 	21 	34 	71 	56 	87 	53 	25 	82 	20 	76 	54 	28 	61 	69 	45 	21 	37 	65 	30 	57 	27 	90 	66 	55 	49 	43 	16 	20 	64 	26 	50 	25 	
60 	59 	-1 	89 	66 	86 	23 	34 	39 	58 	33 	68 	37 	42 	44 	11 	56 	52 	42 	25 	21 	43 	4 	44 	29 	26 	56 	34 	31 	39 	31 	29 	48 	13 	51 	68 	44 	63 	70 	7 	49 	51 	65 	37 	27 	71 	7 	37 	43 	49 	65 	42 	30 	51 	27 	15 	71 	26 	51 	37 	47 	61 	50 	50 	39 	35 	29 	55 	40 	38 	35 	24 	29 	34 	33 	37 	46 	33 	25 	60 	21 	29 	51 	65 	76 	25 	72 	40 	56 	32 	11 	35 	21 	55 	44 	63 	13 	64 	34 	79 	
94 	35 	89 	-1 	28 	8 	97 	59 	69 	30 	121 	20 	61 	57 	45 	94 	36 	42 	47 	103 	106 	46 	84 	50 	115 	67 	49 	100 	119 	50 	96 	110 	86 	89 	56 	28 	49 	40 	20 	94 	45 	51 	38 	60 	115 	94 	88 	62 	45 	40 	47 	93 	117 	39 	67 	79 	21 	62 	71 	102 	102 	68 	81 	88 	78 	70 	60 	82 	48 	69 	90 	90 	118 	71 	57 	103 	42 	97 	76 	59 	85 	90 	54 	24 	23 	99 	22 	92 	36 	117 	93 	90 	83 	50 	51 	50 	96 	27 	68 	10 	
88 	30 	66 	28 	-1 	30 	71 	43 	42 	15 	98 	16 	48 	46 	27 	70 	11 	15 	24 	85 	86 	30 	62 	23 	95 	50 	45 	73 	98 	28 	69 	91 	78 	70 	28 	2 	36 	13 	9 	73 	19 	24 	40 	33 	91 	67 	67 	49 	24 	22 	49 	82 	96 	27 	50 	59 	25 	41 	44 	87 	74 	41 	53 	60 	67 	58 	39 	76 	29 	58 	62 	73 	94 	44 	40 	76 	22 	69 	50 	58 	59 	63 	26 	10 	10 	82 	6 	80 	10 	92 	69 	77 	66 	22 	40 	50 	76 	4 	41 	23 	
88 	30 	86 	8 	30 	-1 	96 	55 	70 	29 	119 	19 	56 	52 	42 	92 	37 	43 	45 	99 	103 	43 	82 	50 	112 	63 	43 	100 	116 	48 	96 	106 	80 	86 	58 	31 	44 	43 	22 	91 	46 	53 	31 	60 	113 	97 	84 	57 	44 	38 	40 	88 	113 	36 	63 	75 	16 	60 	74 	97 	103 	71 	83 	90 	73 	65 	57 	75 	46 	64 	90 	86 	115 	72 	54 	103 	41 	97 	75 	52 	84 	90 	56 	24 	28 	95 	25 	87 	37 	115 	91 	85 	79 	52 	46 	43 	93 	28 	68 	8 	
82 	73 	23 	97 	71 	96 	-1 	50 	33 	68 	33 	78 	56 	60 	56 	13 	61 	56 	51 	44 	36 	57 	23 	48 	40 	45 	74 	12 	39 	48 	10 	46 	71 	36 	48 	72 	60 	64 	77 	26 	52 	50 	81 	38 	26 	53 	30 	56 	52 	59 	82 	65 	41 	64 	45 	36 	82 	40 	41 	58 	26 	52 	36 	34 	61 	57 	41 	77 	52 	59 	17 	46 	30 	28 	49 	14 	56 	12 	21 	80 	12 	11 	49 	73 	80 	45 	77 	62 	62 	21 	12 	58 	44 	53 	61 	81 	32 	70 	31 	89 	
49 	26 	34 	59 	43 	55 	50 	-1 	42 	30 	65 	39 	7 	10 	15 	42 	33 	34 	21 	45 	48 	13 	30 	30 	57 	8 	23 	59 	61 	17 	55 	51 	37 	31 	43 	45 	11 	46 	43 	37 	33 	40 	31 	31 	60 	80 	30 	9 	20 	21 	32 	39 	58 	19 	8 	21 	39 	12 	53 	44 	68 	60 	58 	62 	26 	16 	12 	38 	14 	17 	53 	32 	62 	39 	3 	62 	21 	57 	36 	31 	41 	50 	42 	38 	53 	41 	47 	37 	34 	66 	42 	34 	25 	43 	11 	31 	38 	39 	36 	49 	
88 	53 	39 	69 	42 	70 	33 	42 	-1 	43 	65 	52 	49 	51 	38 	36 	34 	27 	29 	63 	59 	39 	35 	20 	66 	41 	61 	32 	68 	29 	28 	68 	75 	49 	15 	42 	46 	32 	49 	46 	24 	19 	64 	11 	57 	38 	44 	50 	30 	37 	69 	74 	67 	45 	42 	42 	59 	30 	13 	72 	33 	23 	17 	22 	64 	55 	29 	78 	33 	57 	21 	58 	60 	5 	39 	34 	33 	28 	14 	71 	21 	23 	17 	46 	50 	62 	48 	71 	34 	54 	35 	67 	52 	21 	49 	69 	51 	42 	5 	62 	
73 	15 	58 	30 	15 	29 	68 	30 	43 	-1 	91 	10 	34 	32 	15 	64 	12 	18 	17 	74 	76 	17 	54 	23 	85 	38 	30 	72 	89 	20 	68 	81 	63 	60 	34 	18 	22 	25 	13 	64 	20 	29 	25 	33 	84 	75 	57 	35 	15 	9 	34 	68 	86 	12 	37 	49 	16 	32 	49 	74 	76 	50 	58 	64 	53 	43 	29 	61 	18 	43 	63 	61 	87 	44 	28 	75 	12 	69 	47 	42 	56 	62 	32 	8 	24 	70 	17 	66 	12 	87 	63 	64 	54 	29 	25 	35 	66 	11 	41 	21 	
76 	91 	33 	121 	98 	119 	33 	65 	65 	91 	-1 	101 	67 	72 	77 	29 	88 	83 	75 	31 	21 	76 	37 	76 	16 	57 	86 	42 	11 	71 	42 	28 	67 	36 	79 	99 	76 	94 	102 	28 	80 	80 	96 	67 	8 	85 	35 	67 	76 	82 	95 	58 	15 	83 	58 	45 	103 	59 	74 	46 	55 	85 	70 	66 	62 	63 	62 	76 	73 	65 	51 	43 	4 	60 	66 	42 	79 	44 	51 	88 	43 	45 	79 	98 	108 	35 	104 	56 	88 	18 	30 	53 	46 	84 	76 	93 	28 	97 	62 	112 	
78 	18 	68 	20 	16 	19 	78 	39 	52 	10 	101 	-1 	42 	39 	24 	74 	18 	25 	27 	83 	86 	26 	64 	32 	95 	47 	34 	81 	99 	30 	77 	90 	69 	69 	41 	17 	29 	28 	8 	74 	28 	36 	25 	42 	94 	82 	67 	43 	25 	19 	35 	75 	96 	20 	46 	58 	10 	42 	57 	82 	85 	56 	66 	72 	60 	51 	39 	66 	28 	51 	72 	70 	97 	53 	37 	84 	22 	78 	57 	45 	65 	72 	39 	6 	20 	79 	14 	74 	19 	97 	73 	71 	63 	35 	32 	37 	76 	12 	50 	11 	
42 	26 	37 	61 	48 	56 	56 	7 	49 	34 	67 	42 	-1 	5 	21 	46 	39 	40 	28 	44 	48 	18 	34 	37 	57 	11 	19 	65 	62 	24 	61 	50 	30 	31 	50 	50 	12 	52 	47 	40 	40 	47 	29 	39 	62 	87 	32 	2 	27 	26 	28 	34 	59 	22 	10 	23 	40 	19 	61 	41 	75 	67 	66 	69 	19 	10 	19 	31 	21 	10 	60 	30 	64 	47 	10 	68 	27 	63 	42 	24 	47 	56 	49 	42 	57 	39 	51 	32 	40 	69 	46 	30 	23 	50 	10 	26 	39 	44 	44 	51 	
42 	22 	42 	57 	46 	52 	60 	10 	51 	32 	72 	39 	5 	-1 	20 	51 	38 	40 	28 	48 	53 	17 	38 	38 	62 	16 	14 	69 	67 	25 	65 	55 	31 	36 	52 	48 	10 	52 	44 	44 	40 	48 	25 	41 	67 	89 	37 	5 	27 	25 	23 	36 	63 	20 	15 	27 	36 	22 	63 	44 	78 	68 	68 	72 	22 	13 	22 	30 	21 	12 	64 	34 	69 	50 	12 	72 	26 	67 	46 	20 	51 	60 	50 	40 	56 	43 	49 	35 	39 	74 	51 	33 	28 	51 	6 	22 	44 	43 	46 	47 	
62 	17 	44 	45 	27 	42 	56 	15 	38 	15 	77 	24 	21 	20 	-1 	51 	18 	21 	10 	59 	61 	3 	40 	20 	71 	23 	24 	62 	74 	9 	58 	66 	51 	45 	34 	29 	11 	32 	27 	50 	21 	29 	26 	26 	71 	74 	43 	22 	8 	6 	32 	54 	72 	8 	23 	34 	27 	18 	47 	60 	69 	51 	54 	59 	40 	30 	16 	50 	5 	31 	54 	47 	73 	37 	13 	66 	7 	59 	37 	36 	45 	53 	32 	23 	37 	56 	31 	53 	19 	74 	50 	50 	40 	31 	14 	32 	52 	24 	33 	35 	
70 	66 	11 	94 	70 	92 	13 	42 	36 	64 	29 	74 	46 	51 	51 	-1 	59 	55 	47 	31 	25 	50 	12 	47 	30 	35 	65 	24 	31 	44 	22 	35 	58 	23 	50 	71 	52 	65 	74 	14 	52 	52 	73 	38 	22 	64 	18 	47 	48 	55 	74 	52 	31 	58 	36 	25 	77 	33 	47 	45 	38 	58 	45 	43 	49 	46 	35 	65 	46 	48 	28 	34 	25 	32 	42 	27 	52 	24 	23 	70 	16 	21 	51 	70 	80 	33 	76 	50 	60 	24 	1 	45 	31 	55 	53 	72 	20 	68 	33 	85 	
80 	26 	56 	36 	11 	37 	61 	33 	34 	12 	88 	18 	39 	38 	18 	59 	-1 	7 	14 	74 	75 	21 	51 	14 	84 	40 	40 	64 	87 	18 	60 	81 	69 	59 	23 	12 	29 	14 	16 	62 	10 	18 	37 	24 	81 	64 	56 	41 	13 	13 	45 	73 	85 	20 	40 	49 	27 	31 	38 	77 	67 	38 	47 	54 	58 	49 	28 	68 	19 	49 	54 	63 	84 	35 	31 	67 	12 	61 	40 	52 	49 	54 	20 	13 	21 	71 	16 	71 	1 	81 	58 	68 	56 	18 	32 	46 	65 	9 	32 	29 	
82 	32 	52 	42 	15 	43 	56 	34 	27 	18 	83 	25 	40 	40 	21 	55 	7 	-1 	13 	72 	72 	24 	48 	8 	81 	39 	44 	58 	83 	17 	54 	79 	70 	57 	16 	16 	31 	13 	22 	59 	3 	11 	42 	18 	76 	57 	53 	42 	13 	16 	50 	73 	82 	25 	39 	47 	33 	29 	31 	76 	60 	32 	40 	47 	59 	49 	26 	70 	19 	50 	48 	62 	79 	29 	31 	61 	14 	54 	34 	56 	43 	48 	14 	20 	25 	70 	21 	71 	7 	76 	54 	67 	55 	12 	35 	51 	63 	15 	26 	36 	
69 	25 	42 	47 	24 	45 	51 	21 	29 	17 	75 	27 	28 	28 	10 	47 	14 	13 	-1 	61 	61 	12 	38 	10 	71 	26 	34 	55 	74 	4 	51 	67 	58 	46 	24 	26 	20 	25 	27 	49 	12 	20 	35 	17 	68 	64 	43 	29 	2 	9 	41 	60 	72 	16 	26 	35 	32 	17 	37 	64 	61 	41 	45 	50 	46 	37 	15 	58 	7 	38 	47 	50 	71 	29 	18 	59 	5 	52 	30 	45 	39 	46 	22 	23 	34 	58 	29 	58 	15 	70 	46 	55 	43 	23 	23 	42 	52 	22 	25 	38 	
45 	70 	25 	103 	85 	99 	44 	45 	63 	74 	31 	83 	44 	48 	59 	31 	74 	72 	61 	-1 	10 	57 	28 	66 	16 	36 	61 	55 	21 	56 	53 	7 	37 	15 	74 	87 	55 	84 	87 	18 	70 	73 	73 	60 	30 	95 	20 	43 	61 	65 	69 	27 	17 	64 	37 	26 	83 	44 	75 	16 	70 	86 	75 	74 	33 	37 	46 	46 	57 	39 	59 	14 	29 	59 	46 	57 	63 	56 	49 	60 	46 	52 	74 	82 	95 	5 	90 	25 	75 	42 	33 	22 	20 	77 	53 	67 	12 	82 	58 	93 	
55 	73 	21 	106 	86 	103 	36 	48 	59 	76 	21 	86 	48 	53 	61 	25 	75 	72 	61 	10 	-1 	60 	25 	65 	9 	39 	67 	47 	14 	57 	46 	10 	46 	17 	71 	87 	59 	83 	88 	14 	69 	72 	78 	58 	20 	88 	19 	48 	62 	67 	75 	37 	11 	67 	40 	27 	87 	44 	71 	26 	62 	82 	69 	68 	41 	43 	47 	55 	58 	45 	52 	22 	20 	55 	49 	49 	65 	48 	45 	67 	40 	45 	71 	84 	96 	14 	91 	35 	76 	32 	26 	31 	25 	75 	58 	73 	10 	83 	55 	96 	
59 	16 	43 	46 	30 	43 	57 	13 	39 	17 	76 	26 	18 	17 	3 	50 	21 	24 	12 	57 	60 	-1 	39 	23 	69 	21 	22 	63 	73 	10 	59 	64 	48 	43 	36 	32 	8 	35 	30 	48 	24 	32 	25 	28 	70 	76 	42 	19 	11 	9 	29 	51 	70 	7 	21 	32 	27 	17 	49 	57 	70 	54 	56 	61 	37 	27 	15 	47 	6 	28 	56 	44 	72 	39 	11 	66 	10 	60 	38 	33 	45 	53 	34 	25 	40 	54 	34 	50 	23 	74 	50 	47 	38 	34 	11 	30 	50 	27 	35 	36 	
60 	55 	4 	84 	62 	82 	23 	30 	35 	54 	37 	64 	34 	38 	40 	12 	51 	48 	38 	28 	25 	39 	-1 	40 	33 	23 	52 	34 	36 	34 	31 	33 	48 	15 	47 	63 	40 	59 	65 	11 	45 	47 	61 	33 	31 	68 	9 	34 	39 	45 	61 	43 	34 	47 	24 	13 	67 	22 	48 	38 	47 	58 	48 	48 	38 	33 	25 	54 	36 	36 	34 	25 	33 	31 	30 	37 	42 	33 	22 	57 	20 	28 	47 	61 	72 	27 	67 	40 	52 	36 	13 	36 	21 	50 	41 	60 	16 	60 	31 	75 	
79 	34 	44 	50 	23 	50 	48 	30 	20 	23 	76 	32 	37 	38 	20 	47 	14 	8 	10 	66 	65 	23 	40 	-1 	73 	34 	44 	50 	76 	13 	46 	72 	67 	50 	14 	24 	30 	19 	29 	51 	5 	10 	45 	10 	68 	54 	46 	39 	12 	18 	51 	68 	74 	26 	34 	40 	39 	23 	27 	71 	53 	31 	35 	41 	55 	46 	21 	68 	17 	47 	40 	56 	71 	22 	27 	53 	14 	47 	26 	56 	35 	41 	12 	27 	33 	63 	29 	66 	14 	68 	46 	62 	49 	13 	34 	52 	55 	23 	18 	42 	
61 	83 	29 	115 	95 	112 	40 	57 	66 	85 	16 	95 	57 	62 	71 	30 	84 	81 	71 	16 	9 	69 	33 	73 	-1 	49 	76 	51 	5 	66 	50 	12 	53 	26 	79 	96 	68 	92 	97 	22 	78 	80 	87 	66 	18 	93 	28 	57 	71 	76 	84 	43 	1 	76 	49 	37 	96 	54 	77 	30 	65 	88 	75 	73 	49 	52 	56 	62 	67 	54 	57 	30 	16 	62 	58 	52 	74 	52 	52 	76 	46 	50 	79 	93 	105 	21 	100 	41 	85 	31 	32 	38 	34 	83 	67 	82 	19 	92 	62 	105 	
46 	34 	26 	67 	50 	63 	45 	8 	41 	38 	57 	47 	11 	16 	23 	35 	40 	39 	26 	36 	39 	21 	23 	34 	49 	-1 	30 	54 	53 	22 	50 	43 	34 	22 	46 	52 	19 	52 	51 	29 	38 	44 	39 	33 	52 	79 	22 	12 	26 	29 	39 	34 	50 	28 	1 	12 	47 	12 	54 	37 	65 	62 	58 	61 	22 	14 	14 	37 	21 	16 	50 	24 	54 	39 	10 	57 	28 	52 	33 	35 	37 	46 	45 	46 	60 	33 	54 	32 	41 	58 	35 	28 	17 	47 	19 	37 	30 	47 	36 	57 	
45 	16 	56 	49 	45 	43 	74 	23 	61 	30 	86 	34 	19 	14 	24 	65 	40 	44 	34 	61 	67 	22 	52 	44 	76 	30 	-1 	82 	81 	32 	78 	68 	37 	50 	58 	48 	15 	54 	41 	59 	45 	54 	12 	50 	81 	98 	51 	19 	32 	28 	9 	45 	77 	20 	29 	42 	28 	34 	71 	55 	90 	75 	78 	83 	31 	24 	34 	33 	28 	23 	76 	47 	83 	60 	24 	85 	30 	79 	58 	12 	64 	72 	56 	37 	53 	56 	46 	44 	41 	88 	65 	44 	41 	56 	13 	8 	58 	41 	57 	39 	
94 	79 	34 	100 	73 	100 	12 	59 	32 	72 	42 	81 	65 	69 	62 	24 	64 	58 	55 	55 	47 	63 	34 	50 	51 	54 	82 	-1 	49 	54 	4 	58 	82 	47 	47 	73 	67 	64 	79 	38 	54 	50 	88 	40 	35 	43 	41 	66 	57 	64 	90 	76 	51 	70 	55 	47 	87 	47 	36 	70 	14 	47 	30 	25 	72 	67 	48 	88 	58 	69 	11 	58 	39 	29 	57 	3 	60 	3 	25 	89 	18 	10 	48 	77 	81 	57 	79 	74 	64 	26 	23 	69 	55 	53 	69 	90 	44 	73 	32 	92 	
66 	87 	31 	119 	98 	116 	39 	61 	68 	89 	11 	99 	62 	67 	74 	31 	87 	83 	74 	21 	14 	73 	36 	76 	5 	53 	81 	49 	-1 	70 	49 	17 	58 	31 	81 	99 	72 	94 	101 	25 	81 	82 	91 	68 	15 	92 	31 	62 	75 	79 	89 	48 	5 	80 	54 	41 	100 	57 	78 	36 	63 	89 	75 	73 	54 	57 	60 	67 	71 	59 	57 	35 	12 	63 	62 	50 	77 	51 	54 	81 	47 	50 	81 	96 	108 	26 	103 	47 	88 	27 	33 	44 	39 	85 	71 	87 	23 	96 	64 	109 	
65 	25 	39 	50 	28 	48 	48 	17 	29 	20 	71 	30 	24 	25 	9 	44 	18 	17 	4 	56 	57 	10 	34 	13 	66 	22 	32 	54 	70 	-1 	50 	63 	54 	42 	27 	30 	17 	30 	31 	45 	16 	23 	35 	18 	65 	66 	39 	26 	5 	11 	40 	56 	68 	16 	22 	31 	34 	13 	39 	59 	60 	44 	46 	51 	42 	33 	10 	54 	4 	34 	46 	45 	68 	29 	14 	57 	8 	51 	29 	43 	37 	44 	25 	27 	39 	54 	33 	54 	19 	67 	43 	50 	38 	26 	21 	40 	48 	26 	25 	41 	
90 	75 	31 	96 	69 	96 	10 	55 	28 	68 	42 	77 	61 	65 	58 	22 	60 	54 	51 	53 	46 	59 	31 	46 	50 	50 	78 	4 	49 	50 	-1 	56 	78 	44 	43 	70 	63 	60 	75 	36 	51 	47 	84 	36 	35 	44 	38 	62 	53 	60 	86 	73 	50 	66 	51 	43 	83 	43 	34 	67 	17 	45 	28 	24 	68 	63 	44 	84 	53 	65 	9 	55 	39 	25 	53 	7 	56 	2 	21 	85 	14 	6 	45 	73 	77 	55 	75 	71 	60 	28 	21 	66 	52 	50 	65 	86 	42 	69 	28 	88 	
49 	76 	29 	110 	91 	106 	46 	51 	68 	81 	28 	90 	50 	55 	66 	35 	81 	79 	67 	7 	10 	64 	33 	72 	12 	43 	68 	58 	17 	63 	56 	-1 	41 	21 	80 	93 	62 	91 	93 	23 	76 	79 	79 	65 	29 	99 	25 	49 	68 	71 	75 	31 	13 	71 	43 	32 	90 	50 	80 	18 	72 	91 	79 	78 	39 	43 	53 	50 	63 	45 	62 	21 	27 	64 	53 	60 	70 	58 	54 	66 	50 	55 	79 	89 	102 	11 	96 	30 	82 	41 	36 	27 	27 	83 	60 	73 	17 	89 	64 	100 	
12 	52 	48 	86 	78 	80 	71 	37 	75 	63 	67 	69 	30 	31 	51 	58 	69 	70 	58 	37 	46 	48 	48 	67 	53 	34 	37 	82 	58 	54 	78 	41 	-1 	36 	80 	80 	41 	83 	76 	46 	70 	77 	49 	67 	66 	113 	41 	29 	57 	56 	42 	10 	54 	51 	33 	36 	65 	45 	88 	24 	94 	95 	91 	93 	12 	21 	47 	9 	51 	20 	81 	26 	66 	72 	40 	85 	57 	81 	65 	30 	66 	75 	78 	71 	87 	32 	80 	12 	70 	76 	59 	15 	27 	80 	38 	39 	41 	74 	70 	76 	
47 	56 	13 	89 	70 	86 	36 	31 	49 	60 	36 	69 	31 	36 	45 	23 	59 	57 	46 	15 	17 	43 	15 	50 	26 	22 	50 	47 	31 	42 	44 	21 	36 	-1 	59 	72 	42 	69 	72 	10 	55 	58 	61 	45 	32 	83 	6 	31 	46 	50 	59 	29 	28 	50 	23 	11 	70 	29 	62 	24 	61 	72 	62 	63 	28 	27 	31 	43 	42 	29 	48 	10 	33 	45 	32 	50 	49 	47 	36 	52 	34 	42 	59 	67 	80 	13 	75 	27 	60 	41 	24 	22 	10 	62 	41 	57 	8 	67 	44 	79 	
92 	47 	51 	56 	28 	58 	48 	43 	15 	34 	79 	41 	50 	52 	34 	50 	23 	16 	24 	74 	71 	36 	47 	14 	79 	46 	58 	47 	81 	27 	43 	80 	80 	59 	-1 	28 	44 	17 	36 	58 	14 	5 	58 	14 	71 	41 	54 	52 	26 	31 	65 	80 	80 	39 	46 	50 	49 	34 	16 	81 	46 	17 	25 	32 	68 	59 	32 	81 	31 	60 	36 	66 	75 	19 	40 	49 	28 	43 	28 	69 	36 	38 	2 	35 	35 	72 	34 	78 	22 	69 	49 	74 	60 	6 	47 	65 	63 	30 	17 	50 	
90 	32 	68 	28 	2 	31 	72 	45 	42 	18 	99 	17 	50 	48 	29 	71 	12 	16 	26 	87 	87 	32 	63 	24 	96 	52 	48 	73 	99 	30 	70 	93 	80 	72 	28 	-1 	39 	12 	10 	74 	19 	24 	42 	34 	92 	66 	68 	52 	25 	24 	51 	84 	97 	29 	52 	61 	27 	43 	43 	89 	74 	40 	53 	60 	69 	60 	40 	78 	31 	60 	63 	75 	95 	45 	42 	76 	24 	70 	50 	60 	60 	64 	26 	12 	9 	84 	6 	82 	11 	92 	70 	79 	68 	22 	42 	53 	78 	6 	41 	24 	
52 	15 	44 	49 	36 	44 	60 	11 	46 	22 	76 	29 	12 	10 	11 	52 	29 	31 	20 	55 	59 	8 	40 	30 	68 	19 	15 	67 	72 	17 	63 	62 	41 	42 	44 	39 	-1 	43 	35 	48 	31 	40 	21 	35 	71 	83 	41 	13 	18 	16 	23 	46 	69 	10 	19 	32 	28 	20 	56 	53 	75 	61 	63 	68 	31 	22 	19 	40 	13 	22 	61 	41 	73 	45 	11 	71 	17 	65 	43 	26 	50 	58 	42 	30 	46 	51 	39 	44 	30 	76 	52 	42 	35 	42 	4 	23 	49 	33 	41 	39 	
94 	40 	63 	40 	13 	43 	64 	46 	32 	25 	94 	28 	52 	52 	32 	65 	14 	13 	25 	84 	83 	35 	59 	19 	92 	52 	54 	64 	94 	30 	60 	91 	83 	69 	17 	12 	43 	-1 	22 	70 	14 	14 	50 	27 	86 	54 	65 	54 	26 	27 	59 	85 	93 	35 	52 	59 	38 	41 	32 	89 	63 	28 	41 	48 	72 	62 	39 	82 	32 	63 	53 	74 	90 	36 	43 	66 	26 	61 	43 	66 	52 	55 	16 	22 	18 	82 	18 	83 	13 	85 	64 	80 	67 	11 	46 	60 	74 	16 	33 	36 	
85 	25 	70 	20 	9 	22 	77 	43 	49 	13 	102 	8 	47 	44 	27 	74 	16 	22 	27 	87 	88 	30 	65 	29 	97 	51 	41 	79 	101 	31 	75 	93 	76 	72 	36 	10 	35 	22 	-1 	76 	25 	31 	33 	40 	95 	76 	70 	48 	26 	22 	43 	81 	99 	25 	50 	61 	17 	44 	52 	87 	82 	50 	61 	68 	66 	56 	41 	73 	30 	56 	69 	74 	98 	51 	41 	82 	24 	76 	55 	53 	65 	70 	34 	5 	12 	83 	6 	79 	15 	97 	73 	77 	67 	30 	38 	45 	79 	7 	47 	15 	
57 	63 	7 	94 	73 	91 	26 	37 	46 	64 	28 	74 	40 	44 	50 	14 	62 	59 	49 	18 	14 	48 	11 	51 	22 	29 	59 	38 	25 	45 	36 	23 	46 	10 	58 	74 	48 	70 	76 	-1 	56 	58 	69 	44 	23 	77 	7 	40 	50 	54 	67 	39 	23 	56 	30 	17 	76 	32 	58 	32 	52 	68 	57 	56 	38 	37 	34 	53 	46 	39 	41 	20 	25 	41 	38 	41 	52 	38 	32 	61 	27 	34 	58 	71 	83 	19 	78 	36 	63 	31 	15 	32 	20 	62 	48 	66 	6 	70 	41 	84 	
81 	33 	49 	45 	19 	46 	52 	33 	24 	20 	80 	28 	40 	40 	21 	52 	10 	3 	12 	70 	69 	24 	45 	5 	78 	38 	45 	54 	81 	16 	51 	76 	70 	55 	14 	19 	31 	14 	25 	56 	-1 	9 	44 	15 	73 	55 	51 	41 	13 	17 	51 	72 	79 	26 	38 	45 	36 	27 	29 	75 	57 	31 	38 	44 	58 	49 	25 	70 	19 	50 	44 	60 	76 	26 	30 	57 	14 	51 	31 	57 	40 	45 	12 	23 	28 	68 	25 	69 	10 	73 	51 	66 	53 	11 	35 	52 	60 	18 	22 	39 	
89 	42 	51 	51 	24 	53 	50 	40 	19 	29 	80 	36 	47 	48 	29 	52 	18 	11 	20 	73 	72 	32 	47 	10 	80 	44 	54 	50 	82 	23 	47 	79 	77 	58 	5 	24 	40 	14 	31 	58 	9 	-1 	53 	14 	73 	46 	54 	49 	22 	26 	60 	78 	81 	35 	44 	49 	44 	32 	21 	80 	50 	22 	30 	36 	65 	56 	30 	78 	27 	57 	39 	65 	76 	22 	37 	53 	23 	47 	29 	65 	38 	41 	3 	30 	31 	71 	30 	75 	17 	71 	50 	72 	58 	4 	43 	61 	63 	25 	19 	46 	
56 	11 	65 	38 	40 	31 	81 	31 	64 	25 	96 	25 	29 	25 	26 	73 	37 	42 	35 	73 	78 	25 	61 	45 	87 	39 	12 	88 	91 	35 	84 	79 	49 	61 	58 	42 	21 	50 	33 	69 	44 	53 	-1 	53 	91 	99 	61 	30 	33 	27 	10 	57 	88 	19 	39 	52 	18 	41 	72 	67 	95 	75 	80 	86 	43 	36 	40 	44 	31 	35 	81 	58 	93 	64 	32 	91 	31 	85 	63 	21 	70 	78 	56 	30 	45 	68 	39 	56 	38 	97 	73 	56 	53 	54 	21 	12 	69 	36 	60 	29 	
79 	42 	37 	60 	33 	60 	38 	31 	11 	33 	67 	42 	39 	41 	26 	38 	24 	18 	17 	60 	58 	28 	33 	10 	66 	33 	50 	40 	68 	18 	36 	65 	67 	45 	14 	34 	35 	27 	40 	44 	15 	14 	53 	-1 	59 	48 	40 	40 	19 	26 	58 	67 	67 	33 	33 	36 	48 	21 	22 	67 	43 	29 	28 	33 	55 	46 	20 	69 	22 	48 	30 	52 	63 	12 	29 	43 	22 	37 	16 	60 	25 	30 	14 	37 	43 	58 	40 	64 	24 	58 	36 	60 	46 	18 	38 	58 	49 	33 	8 	53 	
75 	85 	27 	115 	91 	113 	26 	60 	57 	84 	8 	94 	62 	67 	71 	22 	81 	76 	68 	30 	20 	70 	31 	68 	18 	52 	81 	35 	15 	65 	35 	29 	66 	32 	71 	92 	71 	86 	95 	23 	73 	73 	91 	59 	-1 	78 	30 	62 	69 	75 	90 	57 	18 	77 	53 	40 	97 	53 	66 	46 	49 	78 	62 	59 	59 	59 	55 	74 	67 	62 	43 	40 	4 	52 	60 	36 	72 	37 	44 	84 	35 	37 	72 	91 	101 	34 	97 	55 	81 	13 	23 	51 	42 	76 	71 	88 	25 	90 	54 	105 	
125 	88 	71 	94 	67 	97 	53 	80 	38 	75 	85 	82 	87 	89 	74 	64 	64 	57 	64 	95 	88 	76 	68 	54 	93 	79 	98 	43 	92 	66 	44 	99 	113 	83 	41 	66 	83 	54 	76 	77 	55 	46 	99 	48 	78 	-1 	77 	88 	66 	72 	105 	110 	94 	80 	80 	78 	90 	68 	27 	107 	31 	26 	21 	20 	101 	93 	67 	116 	70 	95 	36 	93 	82 	41 	77 	43 	69 	42 	48 	109 	49 	43 	44 	76 	71 	95 	72 	107 	63 	69 	62 	103 	88 	46 	86 	106 	83 	70 	43 	90 	
52 	56 	7 	88 	67 	84 	30 	30 	44 	57 	35 	67 	32 	37 	43 	18 	56 	53 	43 	20 	19 	42 	9 	46 	28 	22 	51 	41 	31 	39 	38 	25 	41 	6 	54 	68 	41 	65 	70 	7 	51 	54 	61 	40 	30 	77 	-1 	32 	44 	48 	60 	35 	29 	49 	23 	10 	69 	26 	56 	30 	55 	66 	56 	57 	32 	30 	28 	48 	40 	32 	42 	16 	32 	39 	31 	44 	46 	41 	30 	54 	28 	36 	54 	65 	77 	19 	72 	32 	57 	38 	18 	28 	14 	58 	41 	58 	9 	65 	39 	78 	
40 	27 	37 	62 	49 	57 	56 	9 	50 	35 	67 	43 	2 	5 	22 	47 	41 	42 	29 	43 	48 	19 	34 	39 	57 	12 	19 	66 	62 	26 	62 	49 	29 	31 	52 	52 	13 	54 	48 	40 	41 	49 	30 	40 	62 	88 	32 	-1 	29 	28 	28 	32 	58 	24 	11 	23 	41 	20 	62 	40 	76 	69 	67 	71 	18 	8 	21 	29 	23 	8 	61 	29 	64 	48 	12 	69 	29 	64 	44 	23 	48 	57 	51 	43 	59 	38 	53 	31 	42 	70 	47 	29 	23 	52 	11 	26 	39 	46 	45 	52 	
68 	23 	43 	45 	24 	44 	52 	20 	30 	15 	76 	25 	27 	27 	8 	48 	13 	13 	2 	61 	62 	11 	39 	12 	71 	26 	32 	57 	75 	5 	53 	68 	57 	46 	26 	25 	18 	26 	26 	50 	13 	22 	33 	19 	69 	66 	44 	29 	-1 	7 	39 	60 	73 	14 	26 	36 	30 	18 	39 	64 	62 	43 	47 	52 	46 	36 	15 	57 	6 	37 	49 	50 	72 	31 	18 	60 	3 	54 	32 	44 	41 	47 	24 	22 	34 	58 	29 	58 	14 	72 	48 	54 	43 	24 	22 	40 	53 	21 	27 	36 	
67 	16 	49 	40 	22 	38 	59 	21 	37 	9 	82 	19 	26 	25 	6 	55 	13 	16 	9 	65 	67 	9 	45 	18 	76 	29 	28 	64 	79 	11 	60 	71 	56 	50 	31 	24 	16 	27 	22 	54 	17 	26 	27 	26 	75 	72 	48 	28 	7 	-1 	34 	60 	77 	8 	29 	39 	23 	22 	45 	66 	69 	48 	53 	59 	46 	36 	20 	55 	8 	36 	55 	52 	78 	38 	19 	67 	4 	61 	39 	40 	47 	54 	29 	17 	31 	61 	25 	58 	14 	78 	54 	56 	46 	28 	19 	35 	57 	18 	34 	30 	
48 	19 	65 	47 	49 	40 	82 	32 	69 	34 	95 	35 	28 	23 	32 	74 	45 	50 	41 	69 	75 	29 	61 	51 	84 	39 	9 	90 	89 	40 	86 	75 	42 	59 	65 	51 	23 	59 	43 	67 	51 	60 	10 	58 	90 	105 	60 	28 	39 	34 	-1 	51 	85 	25 	38 	50 	27 	43 	78 	62 	99 	82 	86 	91 	37 	32 	42 	36 	36 	30 	84 	54 	92 	68 	33 	94 	37 	88 	66 	12 	73 	81 	62 	39 	55 	64 	48 	50 	46 	97 	74 	50 	50 	61 	21 	3 	66 	45 	65 	38 	
18 	58 	42 	93 	82 	88 	65 	39 	74 	68 	58 	75 	34 	36 	54 	52 	73 	73 	60 	27 	37 	51 	43 	68 	43 	34 	45 	76 	48 	56 	73 	31 	10 	29 	80 	84 	46 	85 	81 	39 	72 	78 	57 	67 	57 	110 	35 	32 	60 	60 	51 	-1 	44 	56 	34 	32 	72 	46 	86 	13 	90 	95 	89 	90 	15 	24 	48 	19 	54 	24 	77 	19 	57 	70 	42 	79 	60 	76 	62 	39 	62 	71 	79 	76 	91 	23 	85 	3 	74 	68 	53 	7 	23 	81 	43 	48 	34 	78 	68 	83 	
61 	84 	30 	117 	96 	113 	41 	58 	67 	86 	15 	96 	59 	63 	72 	31 	85 	82 	72 	17 	11 	70 	34 	74 	1 	50 	77 	51 	5 	68 	50 	13 	54 	28 	80 	97 	69 	93 	99 	23 	79 	81 	88 	67 	18 	94 	29 	58 	73 	77 	85 	44 	-1 	77 	51 	38 	97 	55 	78 	31 	65 	89 	76 	74 	50 	53 	57 	62 	69 	55 	58 	31 	16 	63 	59 	53 	75 	52 	53 	77 	47 	51 	81 	94 	106 	22 	101 	42 	86 	31 	33 	39 	35 	85 	68 	83 	20 	94 	63 	107 	
61 	9 	51 	39 	27 	36 	64 	19 	45 	12 	83 	20 	22 	20 	8 	58 	20 	25 	16 	64 	67 	7 	47 	26 	76 	28 	20 	70 	80 	16 	66 	71 	51 	50 	39 	29 	10 	35 	25 	56 	26 	35 	19 	33 	77 	80 	49 	24 	14 	8 	25 	56 	77 	-1 	27 	40 	20 	25 	53 	63 	76 	56 	61 	66 	41 	32 	23 	49 	12 	32 	62 	51 	80 	44 	18 	73 	12 	67 	45 	32 	52 	60 	37 	20 	36 	60 	29 	54 	21 	81 	57 	52 	44 	36 	13 	26 	57 	23 	41 	29 	
46 	33 	27 	67 	50 	63 	45 	8 	42 	37 	58 	46 	10 	15 	23 	36 	40 	39 	26 	37 	40 	21 	24 	34 	49 	1 	29 	55 	54 	22 	51 	43 	33 	23 	46 	52 	19 	52 	50 	30 	38 	44 	39 	33 	53 	80 	23 	11 	26 	29 	38 	34 	51 	27 	-1 	13 	47 	12 	54 	38 	65 	62 	58 	61 	22 	13 	14 	36 	21 	15 	51 	24 	55 	39 	9 	58 	28 	53 	34 	34 	37 	46 	45 	45 	60 	33 	54 	32 	41 	59 	36 	28 	17 	47 	18 	37 	31 	47 	37 	56 	
48 	46 	15 	79 	59 	75 	36 	21 	42 	49 	45 	58 	23 	27 	34 	25 	49 	47 	35 	26 	27 	32 	13 	40 	37 	12 	42 	47 	41 	31 	43 	32 	36 	11 	50 	61 	32 	59 	61 	17 	45 	49 	52 	36 	40 	78 	10 	23 	36 	39 	50 	32 	38 	40 	13 	-1 	59 	18 	54 	31 	59 	64 	57 	58 	25 	21 	21 	41 	31 	24 	45 	16 	42 	38 	21 	50 	38 	45 	30 	45 	31 	39 	49 	57 	70 	23 	64 	30 	50 	47 	25 	25 	10 	52 	31 	49 	18 	57 	36 	69 	
73 	14 	71 	21 	25 	16 	82 	39 	59 	16 	103 	10 	40 	36 	27 	77 	27 	33 	32 	83 	87 	27 	67 	39 	96 	47 	28 	87 	100 	34 	83 	90 	65 	70 	49 	27 	28 	38 	17 	76 	36 	44 	18 	48 	97 	90 	69 	41 	30 	23 	27 	72 	97 	20 	47 	59 	-1 	45 	65 	81 	92 	65 	74 	80 	57 	49 	42 	61 	31 	48 	78 	70 	100 	60 	38 	91 	27 	84 	62 	39 	71 	78 	47 	15 	29 	79 	23 	71 	27 	101 	77 	69 	63 	44 	30 	30 	77 	22 	56 	11 	
58 	33 	26 	62 	41 	60 	40 	12 	30 	32 	59 	42 	19 	22 	18 	33 	31 	29 	17 	44 	44 	17 	22 	23 	54 	12 	34 	47 	57 	13 	43 	50 	45 	29 	34 	43 	20 	41 	44 	32 	27 	32 	41 	21 	53 	68 	26 	20 	18 	22 	43 	46 	55 	25 	12 	18 	45 	-1 	42 	48 	56 	50 	47 	51 	34 	25 	3 	48 	14 	27 	42 	33 	55 	28 	10 	51 	20 	45 	24 	42 	30 	38 	33 	39 	52 	41 	46 	43 	32 	57 	32 	40 	26 	36 	22 	42 	35 	39 	25 	53 	
100 	62 	51 	71 	44 	74 	41 	53 	13 	49 	74 	57 	61 	63 	47 	47 	38 	31 	37 	75 	71 	49 	48 	27 	77 	54 	71 	36 	78 	39 	34 	80 	88 	62 	16 	43 	56 	32 	52 	58 	29 	21 	72 	22 	66 	27 	56 	62 	39 	45 	78 	86 	78 	53 	54 	54 	65 	42 	-1 	85 	32 	11 	9 	17 	76 	67 	41 	90 	43 	69 	25 	70 	70 	17 	51 	38 	42 	33 	26 	82 	32 	30 	18 	51 	50 	75 	49 	84 	38 	61 	46 	80 	65 	22 	59 	79 	64 	45 	18 	66 	
30 	67 	37 	102 	87 	97 	58 	44 	72 	74 	46 	82 	41 	44 	60 	45 	77 	76 	64 	16 	26 	57 	38 	71 	30 	37 	55 	70 	36 	59 	67 	18 	24 	24 	81 	89 	53 	89 	87 	32 	75 	80 	67 	67 	46 	107 	30 	40 	64 	66 	62 	13 	31 	63 	38 	31 	81 	48 	85 	-1 	84 	95 	86 	87 	25 	32 	50 	33 	58 	33 	72 	15 	45 	68 	47 	72 	65 	69 	60 	51 	58 	65 	80 	82 	97 	13 	91 	12 	78 	58 	46 	12 	22 	83 	50 	59 	25 	84 	67 	91 	
106 	85 	47 	102 	74 	103 	26 	68 	33 	76 	55 	85 	75 	78 	69 	38 	67 	60 	61 	70 	62 	70 	47 	53 	65 	65 	90 	14 	63 	60 	17 	72 	94 	61 	46 	74 	75 	63 	82 	52 	57 	50 	95 	43 	49 	31 	55 	76 	62 	69 	99 	90 	65 	76 	65 	59 	92 	56 	32 	84 	-1 	41 	23 	17 	84 	78 	57 	100 	64 	80 	15 	71 	52 	32 	66 	13 	66 	14 	33 	99 	28 	19 	48 	79 	81 	71 	80 	87 	67 	39 	37 	83 	68 	53 	78 	98 	58 	75 	36 	95 	
108 	64 	61 	68 	41 	71 	52 	60 	23 	50 	85 	56 	67 	68 	51 	58 	38 	32 	41 	86 	82 	54 	58 	31 	88 	62 	75 	47 	89 	44 	45 	91 	95 	72 	17 	40 	61 	28 	50 	68 	31 	22 	75 	29 	78 	26 	66 	69 	43 	48 	82 	95 	89 	56 	62 	64 	65 	50 	11 	95 	41 	-1 	18 	24 	84 	75 	48 	97 	48 	76 	36 	80 	81 	27 	57 	49 	45 	44 	36 	87 	43 	41 	19 	50 	45 	85 	46 	93 	38 	72 	57 	89 	74 	21 	64 	82 	74 	44 	28 	64 	
104 	69 	50 	81 	53 	83 	36 	58 	17 	58 	70 	66 	66 	68 	54 	45 	47 	40 	45 	75 	69 	56 	48 	35 	75 	58 	78 	30 	75 	46 	28 	79 	91 	62 	25 	53 	63 	41 	61 	57 	38 	30 	80 	28 	62 	21 	56 	67 	47 	53 	86 	89 	76 	61 	58 	57 	74 	47 	9 	86 	23 	18 	-1 	7 	80 	72 	46 	95 	50 	74 	19 	72 	66 	19 	56 	31 	49 	27 	27 	88 	30 	25 	27 	60 	59 	75 	59 	86 	47 	56 	43 	82 	67 	31 	66 	86 	63 	54 	22 	75 	
106 	75 	50 	88 	60 	90 	34 	62 	22 	64 	66 	72 	69 	72 	59 	43 	54 	47 	50 	74 	68 	61 	48 	41 	73 	61 	83 	25 	73 	51 	24 	78 	93 	63 	32 	60 	68 	48 	68 	56 	44 	36 	86 	33 	59 	20 	57 	71 	52 	59 	91 	90 	74 	66 	61 	58 	80 	51 	17 	87 	17 	24 	7 	-1 	82 	75 	50 	97 	55 	77 	16 	73 	63 	23 	60 	26 	55 	23 	28 	92 	29 	23 	34 	66 	66 	75 	66 	88 	53 	51 	42 	83 	68 	38 	70 	91 	63 	61 	26 	82 	
24 	43 	39 	78 	67 	73 	61 	26 	64 	53 	62 	60 	19 	22 	40 	49 	58 	59 	46 	33 	41 	37 	38 	55 	49 	22 	31 	72 	54 	42 	68 	39 	12 	28 	68 	69 	31 	72 	66 	38 	58 	65 	43 	55 	59 	101 	32 	18 	46 	46 	37 	15 	50 	41 	22 	25 	57 	34 	76 	25 	84 	84 	80 	82 	-1 	10 	36 	16 	40 	10 	70 	19 	60 	60 	28 	75 	46 	71 	54 	27 	56 	65 	67 	61 	77 	28 	70 	14 	59 	69 	50 	13 	18 	68 	28 	35 	35 	64 	58 	68 	
33 	35 	35 	70 	58 	65 	57 	16 	55 	43 	63 	51 	10 	13 	30 	46 	49 	49 	37 	37 	43 	27 	33 	46 	52 	14 	24 	67 	57 	33 	63 	43 	21 	27 	59 	60 	22 	62 	56 	37 	49 	56 	36 	46 	59 	93 	30 	8 	36 	36 	32 	24 	53 	32 	13 	21 	49 	25 	67 	32 	78 	75 	72 	75 	10 	-1 	26 	23 	30 	3 	64 	22 	60 	52 	19 	70 	36 	65 	47 	25 	50 	59 	57 	52 	67 	32 	61 	23 	50 	67 	46 	20 	18 	59 	19 	30 	35 	54 	50 	60 	
59 	31 	29 	60 	39 	57 	41 	12 	29 	29 	62 	39 	19 	22 	16 	35 	28 	26 	15 	46 	47 	15 	25 	21 	56 	14 	34 	48 	60 	10 	44 	53 	47 	31 	32 	40 	19 	39 	41 	34 	25 	30 	40 	20 	55 	67 	28 	21 	15 	20 	42 	48 	57 	23 	14 	21 	42 	3 	41 	50 	57 	48 	46 	50 	36 	26 	-1 	49 	12 	28 	42 	36 	58 	27 	10 	52 	18 	46 	24 	42 	31 	39 	31 	37 	49 	43 	44 	45 	29 	59 	34 	42 	29 	33 	21 	42 	37 	36 	24 	50 	
13 	48 	55 	82 	76 	75 	77 	38 	78 	61 	76 	66 	31 	30 	50 	65 	68 	70 	58 	46 	55 	47 	54 	68 	62 	37 	33 	88 	67 	54 	84 	50 	9 	43 	81 	78 	40 	82 	73 	53 	70 	78 	44 	69 	74 	116 	48 	29 	57 	55 	36 	19 	62 	49 	36 	41 	61 	48 	90 	33 	100 	97 	95 	97 	16 	23 	49 	-1 	51 	21 	86 	34 	74 	75 	40 	91 	56 	86 	69 	23 	72 	80 	79 	68 	84 	41 	78 	21 	69 	84 	66 	23 	34 	80 	36 	33 	49 	72 	73 	72 	
63 	21 	40 	48 	29 	46 	52 	14 	33 	18 	73 	28 	21 	21 	5 	46 	19 	19 	7 	57 	58 	6 	36 	17 	67 	21 	28 	58 	71 	4 	53 	63 	51 	42 	31 	31 	13 	32 	30 	46 	19 	27 	31 	22 	67 	70 	40 	23 	6 	8 	36 	54 	69 	12 	21 	31 	31 	14 	43 	58 	64 	48 	50 	55 	40 	30 	12 	51 	-1 	31 	50 	45 	69 	33 	12 	61 	7 	55 	32 	39 	40 	48 	29 	26 	39 	53 	33 	52 	20 	70 	46 	49 	38 	29 	17 	36 	48 	26 	29 	39 	
32 	34 	38 	69 	58 	64 	59 	17 	57 	43 	65 	51 	10 	12 	31 	48 	49 	50 	38 	39 	45 	28 	36 	47 	54 	16 	23 	69 	59 	34 	65 	45 	20 	29 	60 	60 	22 	63 	56 	39 	50 	57 	35 	48 	62 	95 	32 	8 	37 	36 	30 	24 	55 	32 	15 	24 	48 	27 	69 	33 	80 	76 	74 	77 	10 	3 	28 	21 	31 	-1 	66 	24 	63 	54 	20 	72 	37 	67 	49 	22 	52 	61 	58 	51 	67 	34 	61 	23 	50 	70 	49 	21 	20 	60 	18 	28 	37 	54 	52 	59 	
93 	71 	35 	90 	62 	90 	17 	53 	21 	63 	51 	72 	60 	64 	54 	28 	54 	48 	47 	59 	52 	56 	34 	40 	57 	50 	76 	11 	57 	46 	9 	62 	81 	48 	36 	63 	61 	53 	69 	41 	44 	39 	81 	30 	43 	36 	42 	61 	49 	55 	84 	77 	58 	62 	51 	45 	78 	42 	25 	72 	15 	36 	19 	16 	70 	64 	42 	86 	50 	66 	-1 	58 	47 	19 	52 	14 	52 	8 	18 	84 	14 	7 	37 	67 	70 	60 	69 	74 	54 	37 	26 	70 	54 	42 	63 	84 	47 	63 	22 	83 	
37 	56 	24 	90 	73 	86 	46 	32 	58 	61 	43 	70 	30 	34 	47 	34 	63 	62 	50 	14 	22 	44 	25 	56 	30 	24 	47 	58 	35 	45 	55 	21 	26 	10 	66 	75 	41 	74 	74 	20 	60 	65 	58 	52 	40 	93 	16 	29 	50 	52 	54 	19 	31 	51 	24 	16 	70 	33 	70 	15 	71 	80 	72 	73 	19 	22 	36 	34 	45 	24 	58 	-1 	41 	54 	33 	60 	51 	57 	45 	46 	44 	52 	65 	69 	84 	10 	78 	16 	64 	51 	34 	12 	7 	68 	39 	52 	16 	70 	52 	80 	
75 	87 	29 	118 	94 	115 	30 	62 	60 	87 	4 	97 	64 	69 	73 	25 	84 	79 	71 	29 	20 	72 	33 	71 	16 	54 	83 	39 	12 	68 	39 	27 	66 	33 	75 	95 	73 	90 	98 	25 	76 	76 	93 	63 	4 	82 	32 	64 	72 	78 	92 	57 	16 	80 	55 	42 	100 	55 	70 	45 	52 	81 	66 	63 	60 	60 	58 	74 	69 	63 	47 	41 	-1 	56 	62 	39 	75 	40 	47 	85 	39 	41 	75 	94 	104 	34 	100 	54 	84 	15 	26 	51 	43 	80 	73 	90 	26 	93 	58 	108 	
84 	53 	34 	71 	44 	72 	28 	39 	5 	44 	60 	53 	47 	50 	37 	32 	35 	29 	29 	59 	55 	39 	31 	22 	62 	39 	60 	29 	63 	29 	25 	64 	72 	45 	19 	45 	45 	36 	51 	41 	26 	22 	64 	12 	52 	41 	39 	48 	31 	38 	68 	70 	63 	44 	39 	38 	60 	28 	17 	68 	32 	27 	19 	23 	60 	52 	27 	75 	33 	54 	19 	54 	56 	-1 	37 	32 	34 	25 	9 	70 	17 	19 	20 	48 	53 	58 	50 	67 	36 	50 	30 	63 	48 	25 	48 	68 	47 	44 	4 	64 	
51 	25 	33 	57 	40 	54 	49 	3 	39 	28 	66 	37 	10 	12 	13 	42 	31 	31 	18 	46 	49 	11 	30 	27 	58 	10 	24 	57 	62 	14 	53 	53 	40 	32 	40 	42 	11 	43 	41 	38 	30 	37 	32 	29 	60 	77 	31 	12 	18 	19 	33 	42 	59 	18 	9 	21 	38 	10 	51 	47 	66 	57 	56 	60 	28 	19 	10 	40 	12 	20 	52 	33 	62 	37 	-1 	61 	19 	55 	34 	33 	40 	48 	39 	36 	51 	42 	45 	40 	32 	65 	41 	37 	26 	40 	12 	32 	39 	37 	34 	47 	
96 	82 	37 	103 	76 	103 	14 	62 	34 	75 	42 	84 	68 	72 	66 	27 	67 	61 	59 	57 	49 	66 	37 	53 	52 	57 	85 	3 	50 	57 	7 	60 	85 	50 	49 	76 	71 	66 	82 	41 	57 	53 	91 	43 	36 	43 	44 	69 	60 	67 	94 	79 	53 	73 	58 	50 	91 	51 	38 	72 	13 	49 	31 	26 	75 	70 	52 	91 	61 	72 	14 	60 	39 	32 	61 	-1 	64 	6 	28 	92 	21 	13 	51 	80 	84 	60 	82 	76 	67 	26 	26 	72 	58 	56 	72 	93 	47 	76 	35 	95 	
68 	20 	46 	42 	22 	41 	56 	21 	33 	12 	79 	22 	27 	26 	7 	52 	12 	14 	5 	63 	65 	10 	42 	14 	74 	28 	30 	60 	77 	8 	56 	70 	57 	49 	28 	24 	17 	26 	24 	52 	14 	23 	31 	22 	72 	69 	46 	29 	3 	4 	37 	60 	75 	12 	28 	38 	27 	20 	42 	65 	66 	45 	49 	55 	46 	36 	18 	56 	7 	37 	52 	51 	75 	34 	19 	64 	-1 	57 	35 	42 	44 	51 	26 	19 	32 	60 	26 	58 	13 	75 	51 	55 	44 	25 	21 	38 	55 	19 	30 	33 	
93 	76 	33 	97 	69 	97 	12 	57 	28 	69 	44 	78 	63 	67 	59 	24 	61 	54 	52 	56 	48 	60 	33 	47 	52 	52 	79 	3 	51 	51 	2 	58 	81 	47 	43 	70 	65 	61 	76 	38 	51 	47 	85 	37 	37 	42 	41 	64 	54 	61 	88 	76 	52 	67 	53 	45 	84 	45 	33 	69 	14 	44 	27 	23 	71 	65 	46 	86 	55 	67 	8 	57 	40 	25 	55 	6 	57 	-1 	22 	87 	16 	7 	45 	73 	78 	57 	76 	73 	61 	29 	23 	69 	54 	50 	67 	87 	44 	70 	29 	89 	
77 	54 	25 	76 	50 	75 	21 	36 	14 	47 	51 	57 	42 	46 	37 	23 	40 	34 	30 	49 	45 	38 	22 	26 	52 	33 	58 	25 	54 	29 	21 	54 	65 	36 	28 	50 	43 	43 	55 	32 	31 	29 	63 	16 	44 	48 	30 	44 	32 	39 	66 	62 	53 	45 	34 	30 	62 	24 	26 	60 	33 	36 	27 	28 	54 	47 	24 	69 	32 	49 	18 	45 	47 	9 	34 	28 	35 	22 	-1 	66 	9 	15 	28 	52 	59 	49 	56 	60 	40 	42 	21 	55 	40 	33 	45 	66 	38 	49 	10 	68 	
35 	28 	60 	59 	58 	52 	80 	31 	71 	42 	88 	45 	24 	20 	36 	70 	52 	56 	45 	60 	67 	33 	57 	56 	76 	35 	12 	89 	81 	43 	85 	66 	30 	52 	69 	60 	26 	66 	53 	61 	57 	65 	21 	60 	84 	109 	54 	23 	44 	40 	12 	39 	77 	32 	34 	45 	39 	42 	82 	51 	99 	87 	88 	92 	27 	25 	42 	23 	39 	22 	84 	46 	85 	70 	33 	92 	42 	87 	66 	-1 	71 	80 	67 	49 	65 	55 	58 	39 	53 	92 	70 	40 	42 	67 	22 	9 	59 	53 	66 	50 	
79 	61 	21 	85 	59 	84 	12 	41 	21 	56 	43 	65 	47 	51 	45 	16 	49 	43 	39 	46 	40 	45 	20 	35 	46 	37 	64 	18 	47 	37 	14 	50 	66 	34 	36 	60 	50 	52 	65 	27 	40 	38 	70 	25 	35 	49 	28 	48 	41 	47 	73 	62 	47 	52 	37 	31 	71 	30 	32 	58 	28 	43 	30 	29 	56 	50 	31 	72 	40 	52 	14 	44 	39 	17 	40 	21 	44 	16 	9 	71 	-1 	9 	37 	61 	68 	46 	65 	59 	49 	33 	14 	55 	40 	42 	51 	72 	34 	58 	19 	77 	
87 	69 	29 	90 	63 	90 	11 	50 	23 	62 	45 	72 	56 	60 	53 	21 	54 	48 	46 	52 	45 	53 	28 	41 	50 	46 	72 	10 	50 	44 	6 	55 	75 	42 	38 	64 	58 	55 	70 	34 	45 	41 	78 	30 	37 	43 	36 	57 	47 	54 	81 	71 	51 	60 	46 	39 	78 	38 	30 	65 	19 	41 	25 	23 	65 	59 	39 	80 	48 	61 	7 	52 	41 	19 	48 	13 	51 	7 	15 	80 	9 	-1 	40 	67 	72 	53 	70 	68 	55 	31 	19 	63 	48 	44 	60 	81 	40 	63 	23 	83 	
90 	45 	51 	54 	26 	56 	49 	42 	17 	32 	79 	39 	49 	50 	32 	51 	20 	14 	22 	74 	71 	34 	47 	12 	79 	45 	56 	48 	81 	25 	45 	79 	78 	59 	2 	26 	42 	16 	34 	58 	12 	3 	56 	14 	72 	44 	54 	51 	24 	29 	62 	79 	81 	37 	45 	49 	47 	33 	18 	80 	48 	19 	27 	34 	67 	57 	31 	79 	29 	58 	37 	65 	75 	20 	39 	51 	26 	45 	28 	67 	37 	40 	-1 	33 	33 	72 	32 	77 	20 	70 	49 	73 	59 	5 	46 	63 	63 	27 	18 	48 	
80 	21 	65 	24 	10 	24 	73 	38 	46 	8 	98 	6 	42 	40 	23 	70 	13 	20 	23 	82 	84 	25 	61 	27 	93 	46 	37 	77 	96 	27 	73 	89 	71 	67 	35 	12 	30 	22 	5 	71 	23 	30 	30 	37 	91 	76 	65 	43 	22 	17 	39 	76 	94 	20 	45 	57 	15 	39 	51 	82 	79 	50 	60 	66 	61 	52 	37 	68 	26 	51 	67 	69 	94 	48 	36 	80 	19 	73 	52 	49 	61 	67 	33 	-1 	16 	78 	10 	74 	13 	93 	69 	72 	63 	29 	33 	41 	74 	6 	45 	16 	
97 	37 	76 	23 	10 	28 	80 	53 	50 	24 	108 	20 	57 	56 	37 	80 	21 	25 	34 	95 	96 	40 	72 	33 	105 	60 	53 	81 	108 	39 	77 	102 	87 	80 	35 	9 	46 	18 	12 	83 	28 	31 	45 	43 	101 	71 	77 	59 	34 	31 	55 	91 	106 	36 	60 	70 	29 	52 	50 	97 	81 	45 	59 	66 	77 	67 	49 	84 	39 	67 	70 	84 	104 	53 	51 	84 	32 	78 	59 	65 	68 	72 	33 	16 	-1 	92 	7 	90 	20 	101 	78 	87 	77 	29 	49 	57 	86 	13 	50 	22 	
41 	65 	25 	99 	82 	95 	45 	41 	62 	70 	35 	79 	39 	43 	56 	33 	71 	70 	58 	5 	14 	54 	27 	63 	21 	33 	56 	57 	26 	54 	55 	11 	32 	13 	72 	84 	51 	82 	83 	19 	68 	71 	68 	58 	34 	95 	19 	38 	58 	61 	64 	23 	22 	60 	33 	23 	79 	41 	75 	13 	71 	85 	75 	75 	28 	32 	43 	41 	53 	34 	60 	10 	34 	58 	42 	60 	60 	57 	49 	55 	46 	53 	72 	78 	92 	-1 	86 	21 	72 	46 	34 	17 	16 	75 	49 	62 	13 	79 	57 	89 	
90 	30 	72 	22 	6 	25 	77 	47 	48 	17 	104 	14 	51 	49 	31 	76 	16 	21 	29 	90 	91 	34 	67 	29 	100 	54 	46 	79 	103 	33 	75 	96 	80 	75 	34 	6 	39 	18 	6 	78 	25 	30 	39 	40 	97 	72 	72 	53 	29 	25 	48 	85 	101 	29 	54 	64 	23 	46 	49 	91 	80 	46 	59 	66 	70 	61 	44 	78 	33 	61 	69 	78 	100 	50 	45 	82 	26 	76 	56 	58 	65 	70 	32 	10 	7 	86 	-1 	83 	16 	98 	75 	81 	71 	28 	43 	50 	81 	7 	47 	18 	
21 	57 	40 	92 	80 	87 	62 	37 	71 	66 	56 	74 	32 	35 	53 	50 	71 	71 	58 	25 	35 	50 	40 	66 	41 	32 	44 	74 	47 	54 	71 	30 	12 	27 	78 	82 	44 	83 	79 	36 	69 	75 	56 	64 	55 	107 	32 	31 	58 	58 	50 	3 	42 	54 	32 	30 	71 	43 	84 	12 	87 	93 	86 	88 	14 	23 	45 	21 	52 	23 	74 	16 	54 	67 	40 	76 	58 	73 	60 	39 	59 	68 	77 	74 	90 	21 	83 	-1 	72 	66 	50 	4 	20 	79 	41 	48 	31 	76 	66 	82 	
81 	27 	56 	36 	10 	37 	62 	34 	34 	12 	88 	19 	40 	39 	19 	60 	1 	7 	15 	75 	76 	23 	52 	14 	85 	41 	41 	64 	88 	19 	60 	82 	70 	60 	22 	11 	30 	13 	15 	63 	10 	17 	38 	24 	81 	63 	57 	42 	14 	14 	46 	74 	86 	21 	41 	50 	27 	32 	38 	78 	67 	38 	47 	53 	59 	50 	29 	69 	20 	50 	54 	64 	84 	36 	32 	67 	13 	61 	40 	53 	49 	55 	20 	13 	20 	72 	16 	72 	-1 	82 	59 	69 	57 	17 	33 	47 	66 	9 	32 	29 	
86 	90 	32 	117 	92 	115 	21 	66 	54 	87 	18 	97 	69 	74 	74 	24 	81 	76 	70 	42 	32 	74 	36 	68 	31 	58 	88 	26 	27 	67 	28 	41 	76 	41 	69 	92 	76 	85 	97 	31 	73 	71 	97 	58 	13 	69 	38 	70 	72 	78 	97 	68 	31 	81 	59 	47 	101 	57 	61 	58 	39 	72 	56 	51 	69 	67 	59 	84 	70 	70 	37 	51 	15 	50 	65 	26 	75 	29 	42 	92 	33 	31 	70 	93 	101 	46 	98 	66 	82 	-1 	24 	62 	51 	75 	76 	96 	35 	91 	52 	108 	
71 	66 	11 	93 	69 	91 	12 	42 	35 	63 	30 	73 	46 	51 	50 	1 	58 	54 	46 	33 	26 	50 	13 	46 	32 	35 	65 	23 	33 	43 	21 	36 	59 	24 	49 	70 	52 	64 	73 	15 	51 	50 	73 	36 	23 	62 	18 	47 	48 	54 	74 	53 	33 	57 	36 	25 	77 	32 	46 	46 	37 	57 	43 	42 	50 	46 	34 	66 	46 	49 	26 	34 	26 	30 	41 	26 	51 	23 	21 	70 	14 	19 	49 	69 	78 	34 	75 	50 	59 	24 	-1 	46 	32 	54 	53 	72 	21 	67 	32 	84 	
25 	55 	35 	90 	77 	85 	58 	34 	67 	64 	53 	71 	30 	33 	50 	45 	68 	67 	55 	22 	31 	47 	36 	62 	38 	28 	44 	69 	44 	50 	66 	27 	15 	22 	74 	79 	42 	80 	77 	32 	66 	72 	56 	60 	51 	103 	28 	29 	54 	56 	50 	7 	39 	52 	28 	25 	69 	40 	80 	12 	83 	89 	82 	83 	13 	20 	42 	23 	49 	21 	70 	12 	51 	63 	37 	72 	55 	69 	55 	40 	55 	63 	73 	72 	87 	17 	81 	4 	69 	62 	46 	-1 	15 	75 	39 	48 	27 	74 	62 	80 	
39 	49 	21 	83 	66 	79 	44 	25 	52 	54 	46 	63 	23 	28 	40 	31 	56 	55 	43 	20 	25 	38 	21 	49 	34 	17 	41 	55 	39 	38 	52 	27 	27 	10 	60 	68 	35 	67 	67 	20 	53 	58 	53 	46 	42 	88 	14 	23 	43 	46 	50 	23 	35 	44 	17 	10 	63 	26 	65 	22 	68 	74 	67 	68 	18 	18 	29 	34 	38 	20 	54 	7 	43 	48 	26 	58 	44 	54 	40 	42 	40 	48 	59 	63 	77 	16 	71 	20 	57 	51 	32 	15 	-1 	62 	33 	48 	17 	63 	46 	73 	
92 	43 	55 	50 	22 	52 	53 	43 	21 	29 	84 	35 	50 	51 	31 	55 	18 	12 	23 	77 	75 	34 	50 	13 	83 	47 	56 	53 	85 	26 	50 	83 	80 	62 	6 	22 	42 	11 	30 	62 	11 	4 	54 	18 	76 	46 	58 	52 	24 	28 	61 	81 	85 	36 	47 	52 	44 	36 	22 	83 	53 	21 	31 	38 	68 	59 	33 	80 	29 	60 	42 	68 	80 	25 	40 	56 	25 	50 	33 	67 	42 	44 	5 	29 	29 	75 	28 	79 	17 	75 	54 	75 	62 	-1 	46 	62 	66 	24 	23 	45 	
48 	16 	44 	51 	40 	46 	61 	11 	49 	25 	76 	32 	10 	6 	14 	53 	32 	35 	23 	53 	58 	11 	41 	34 	67 	19 	13 	69 	71 	21 	65 	60 	38 	41 	47 	42 	4 	46 	38 	48 	35 	43 	21 	38 	71 	86 	41 	11 	22 	19 	21 	43 	68 	13 	18 	31 	30 	22 	59 	50 	78 	64 	66 	70 	28 	19 	21 	36 	17 	18 	63 	39 	73 	48 	12 	72 	21 	67 	45 	22 	51 	60 	46 	33 	49 	49 	43 	41 	33 	76 	53 	39 	33 	46 	-1 	21 	48 	36 	44 	41 	
45 	20 	63 	50 	50 	43 	81 	31 	69 	35 	93 	37 	26 	22 	32 	72 	46 	51 	42 	67 	73 	30 	60 	52 	82 	37 	8 	90 	87 	40 	86 	73 	39 	57 	65 	53 	23 	60 	45 	66 	52 	61 	12 	58 	88 	106 	58 	26 	40 	35 	3 	48 	83 	26 	37 	49 	30 	42 	79 	59 	98 	82 	86 	91 	35 	30 	42 	33 	36 	28 	84 	52 	90 	68 	32 	93 	38 	87 	66 	9 	72 	81 	63 	41 	57 	62 	50 	48 	47 	96 	72 	48 	48 	62 	21 	-1 	65 	46 	65 	41 	
52 	64 	13 	96 	76 	93 	32 	38 	51 	66 	28 	76 	39 	44 	52 	20 	65 	63 	52 	12 	10 	50 	16 	55 	19 	30 	58 	44 	23 	48 	42 	17 	41 	8 	63 	78 	49 	74 	79 	6 	60 	63 	69 	49 	25 	83 	9 	39 	53 	57 	66 	34 	20 	57 	31 	18 	77 	35 	64 	25 	58 	74 	63 	63 	35 	35 	37 	49 	48 	37 	47 	16 	26 	47 	39 	47 	55 	44 	38 	59 	34 	40 	63 	74 	86 	13 	81 	31 	66 	35 	21 	27 	17 	66 	48 	65 	-1 	74 	47 	86 	
84 	26 	64 	27 	4 	28 	70 	39 	42 	11 	97 	12 	44 	43 	24 	68 	9 	15 	22 	82 	83 	27 	60 	23 	92 	47 	41 	73 	96 	26 	69 	89 	74 	67 	30 	6 	33 	16 	7 	70 	18 	25 	36 	33 	90 	70 	65 	46 	21 	18 	45 	78 	94 	23 	47 	57 	22 	39 	45 	84 	75 	44 	54 	61 	64 	54 	36 	72 	26 	54 	63 	70 	93 	44 	37 	76 	19 	70 	49 	53 	58 	63 	27 	6 	13 	79 	7 	76 	9 	91 	67 	74 	63 	24 	36 	46 	74 	-1 	41 	21 	
82 	50 	34 	68 	41 	68 	31 	36 	5 	41 	62 	50 	44 	46 	33 	33 	32 	26 	25 	58 	55 	35 	31 	18 	62 	36 	57 	32 	64 	25 	28 	64 	70 	44 	17 	41 	41 	33 	47 	41 	22 	19 	60 	8 	54 	43 	39 	45 	27 	34 	65 	68 	63 	41 	37 	36 	56 	25 	18 	67 	36 	28 	22 	26 	58 	50 	24 	73 	29 	52 	22 	52 	58 	4 	34 	35 	30 	29 	10 	66 	19 	23 	18 	45 	50 	57 	47 	66 	32 	52 	32 	62 	46 	23 	44 	65 	47 	41 	-1 	61 	
84 	25 	79 	10 	23 	8 	89 	49 	62 	21 	112 	11 	51 	47 	35 	85 	29 	36 	38 	93 	96 	36 	75 	42 	105 	57 	39 	92 	109 	41 	88 	100 	76 	79 	50 	24 	39 	36 	15 	84 	39 	46 	29 	53 	105 	90 	78 	52 	36 	30 	38 	83 	107 	29 	56 	69 	11 	53 	66 	91 	95 	64 	75 	82 	68 	60 	50 	72 	39 	59 	83 	80 	108 	64 	47 	95 	33 	89 	68 	50 	77 	83 	48 	16 	22 	89 	18 	82 	29 	108 	84 	80 	73 	45 	41 	41 	86 	21 	61 	-1 	
