-1 	85 	49 	70 	17 	59 	25 	52 	49 	63 	89 	82 	52 	89 	97 	63 	56 	93 	13 	76 	66 	113 	48 	53 	73 	55 	86 	14 	82 	30 	99 	40 	29 	56 	54 	83 	63 	13 	59 	63 	95 	69 	48 	43 	51 	45 	90 	55 	98 	23 	66 	14 	7 	65 	84 	18 	24 	57 	75 	76 	101 	51 	60 	74 	5 	34 	38 	95 	98 	47 	74 	35 	95 	87 	66 	99 	56 	90 	72 	43 	88 	53 	72 	64 	77 	55 	50 	83 	60 	20 	92 	90 	54 	57 	52 	63 	60 	95 	66 	106 	
85 	-1 	77 	16 	68 	30 	84 	76 	82 	79 	39 	19 	71 	37 	13 	24 	56 	26 	82 	14 	32 	36 	76 	41 	23 	73 	18 	78 	8 	100 	29 	64 	96 	44 	31 	6 	30 	75 	56 	47 	10 	25 	82 	63 	53 	40 	25 	32 	17 	87 	57 	80 	78 	66 	29 	87 	69 	33 	39 	9 	33 	48 	28 	39 	83 	55 	80 	35 	17 	44 	16 	74 	42 	7 	83 	59 	31 	11 	54 	61 	16 	54 	18 	28 	39 	32 	84 	32 	48 	83 	39 	15 	34 	28 	73 	44 	56 	48 	79 	35 	
49 	77 	-1 	65 	45 	67 	26 	4 	5 	14 	101 	64 	88 	59 	89 	67 	22 	97 	60 	76 	45 	90 	87 	37 	79 	7 	68 	35 	78 	79 	75 	74 	78 	33 	57 	72 	48 	53 	24 	33 	86 	53 	6 	16 	76 	53 	95 	48 	94 	71 	28 	35 	44 	96 	92 	65 	29 	45 	46 	72 	76 	29 	65 	45 	44 	58 	80 	67 	81 	37 	76 	15 	107 	75 	17 	118 	51 	87 	96 	17 	71 	23 	59 	49 	47 	61 	6 	57 	30 	30 	104 	89 	45 	57 	89 	35 	87 	110 	17 	80 	
70 	16 	65 	-1 	52 	17 	69 	64 	70 	69 	40 	21 	59 	38 	28 	12 	45 	32 	67 	12 	23 	48 	64 	28 	18 	62 	23 	63 	14 	85 	37 	51 	81 	33 	16 	15 	19 	60 	46 	37 	26 	17 	70 	50 	41 	24 	30 	18 	30 	72 	49 	65 	63 	57 	30 	72 	54 	20 	34 	8 	41 	36 	14 	34 	68 	40 	66 	39 	30 	30 	12 	60 	45 	18 	73 	60 	16 	23 	48 	48 	24 	42 	11 	18 	36 	17 	71 	31 	38 	68 	42 	24 	20 	12 	61 	34 	47 	49 	69 	44 	
17 	68 	45 	52 	-1 	42 	28 	48 	47 	58 	73 	65 	44 	74 	80 	46 	45 	76 	18 	59 	50 	97 	42 	38 	56 	49 	70 	16 	64 	39 	83 	30 	36 	42 	37 	66 	47 	10 	48 	50 	78 	53 	46 	34 	37 	28 	74 	39 	80 	27 	55 	18 	11 	55 	67 	24 	16 	41 	60 	59 	86 	38 	43 	60 	16 	19 	35 	79 	81 	31 	57 	31 	80 	70 	62 	85 	39 	73 	59 	34 	72 	41 	55 	47 	63 	37 	48 	67 	47 	24 	77 	73 	38 	40 	45 	49 	47 	80 	61 	90 	
59 	30 	67 	17 	42 	-1 	65 	67 	71 	74 	34 	38 	42 	54 	41 	6 	51 	34 	54 	17 	35 	65 	47 	33 	14 	66 	41 	56 	24 	71 	55 	34 	66 	39 	10 	31 	29 	48 	53 	46 	39 	31 	71 	51 	24 	16 	31 	22 	39 	57 	57 	57 	53 	41 	26 	58 	49 	27 	47 	21 	58 	40 	3 	47 	59 	27 	50 	56 	46 	31 	16 	59 	40 	35 	79 	51 	19 	32 	33 	50 	41 	47 	27 	29 	49 	7 	73 	47 	46 	62 	37 	32 	25 	13 	44 	44 	30 	43 	75 	62 	
25 	84 	26 	69 	28 	65 	-1 	29 	24 	39 	98 	75 	72 	77 	96 	67 	40 	98 	37 	78 	57 	105 	70 	44 	78 	32 	80 	13 	82 	54 	90 	58 	55 	45 	56 	80 	56 	32 	42 	49 	94 	62 	24 	25 	65 	49 	95 	52 	99 	48 	49 	12 	22 	83 	91 	42 	16 	52 	62 	77 	92 	40 	64 	61 	20 	46 	61 	84 	93 	40 	77 	14 	104 	83 	42 	112 	53 	92 	86 	27 	82 	37 	67 	57 	65 	58 	25 	72 	46 	5 	101 	93 	50 	58 	73 	50 	75 	105 	43 	96 	
52 	76 	4 	64 	48 	67 	29 	-1 	8 	10 	101 	62 	89 	56 	87 	67 	20 	96 	63 	76 	44 	88 	89 	36 	79 	4 	66 	38 	77 	82 	73 	75 	81 	32 	57 	71 	46 	56 	21 	31 	84 	51 	9 	16 	77 	53 	94 	47 	93 	73 	25 	38 	47 	97 	92 	68 	31 	44 	43 	71 	73 	28 	65 	42 	48 	59 	83 	64 	79 	36 	75 	17 	107 	73 	14 	119 	50 	86 	97 	17 	69 	22 	58 	47 	45 	61 	9 	54 	28 	33 	103 	88 	44 	56 	91 	33 	88 	110 	14 	77 	
49 	82 	5 	70 	47 	71 	24 	8 	-1 	16 	105 	69 	90 	64 	94 	71 	27 	102 	60 	81 	50 	95 	89 	42 	83 	12 	73 	35 	83 	78 	81 	76 	78 	38 	61 	77 	53 	54 	29 	38 	91 	58 	1 	20 	79 	57 	99 	52 	99 	71 	32 	35 	44 	99 	96 	66 	30 	50 	51 	77 	81 	34 	70 	50 	44 	61 	82 	72 	87 	41 	80 	16 	111 	80 	18 	122 	55 	92 	99 	21 	76 	28 	64 	54 	52 	65 	2 	62 	35 	29 	108 	94 	49 	61 	91 	40 	89 	114 	19 	85 	
63 	79 	14 	69 	58 	74 	39 	10 	16 	-1 	107 	63 	99 	55 	90 	73 	24 	101 	73 	81 	47 	87 	99 	42 	85 	9 	67 	49 	81 	92 	72 	85 	92 	36 	64 	73 	50 	66 	23 	32 	87 	54 	16 	25 	86 	61 	99 	53 	96 	84 	23 	48 	57 	106 	97 	79 	42 	49 	43 	76 	72 	34 	72 	42 	58 	69 	93 	63 	80 	43 	81 	28 	113 	75 	5 	125 	56 	89 	105 	26 	70 	27 	61 	51 	44 	68 	16 	54 	31 	44 	109 	92 	50 	62 	100 	35 	96 	116 	4 	76 	
89 	39 	101 	40 	73 	34 	98 	101 	105 	107 	-1 	56 	52 	75 	39 	34 	83 	15 	81 	28 	63 	71 	58 	65 	22 	99 	56 	88 	31 	92 	67 	53 	87 	71 	44 	44 	58 	77 	85 	77 	41 	57 	105 	85 	40 	49 	15 	54 	31 	80 	88 	90 	84 	40 	10 	83 	82 	58 	74 	35 	71 	73 	36 	74 	89 	55 	67 	73 	53 	65 	28 	93 	6 	45 	112 	21 	51 	30 	26 	84 	55 	80 	50 	57 	75 	41 	107 	69 	77 	95 	3 	26 	57 	45 	53 	74 	36 	10 	108 	73 	
82 	19 	64 	21 	65 	38 	75 	62 	69 	63 	56 	-1 	79 	19 	27 	32 	41 	45 	82 	29 	19 	32 	84 	31 	37 	58 	5 	72 	25 	102 	18 	70 	98 	31 	33 	12 	19 	74 	41 	31 	24 	13 	69 	52 	61 	40 	43 	27 	35 	89 	40 	74 	74 	78 	46 	87 	62 	25 	21 	22 	21 	36 	34 	21 	79 	58 	85 	19 	18 	36 	30 	63 	60 	13 	67 	77 	27 	30 	68 	50 	7 	41 	11 	18 	21 	36 	70 	13 	33 	75 	57 	33 	27 	29 	81 	29 	67 	66 	63 	25 	
52 	71 	88 	59 	44 	42 	72 	89 	90 	99 	52 	79 	-1 	95 	79 	48 	81 	63 	39 	56 	73 	107 	7 	65 	48 	89 	83 	59 	64 	43 	97 	14 	38 	72 	47 	73 	68 	40 	83 	80 	79 	71 	90 	74 	18 	43 	61 	58 	75 	34 	90 	61 	51 	14 	52 	39 	60 	63 	86 	62 	100 	71 	45 	85 	55 	30 	17 	98 	87 	60 	55 	74 	56 	76 	103 	53 	56 	69 	27 	73 	83 	76 	68 	67 	88 	44 	91 	88 	79 	67 	55 	67 	60 	52 	2 	78 	16 	53 	102 	104 	
89 	37 	59 	38 	74 	54 	77 	56 	64 	55 	75 	19 	95 	-1 	43 	49 	38 	63 	91 	48 	24 	32 	99 	36 	56 	53 	19 	77 	44 	112 	18 	84 	109 	33 	48 	31 	28 	83 	36 	28 	40 	24 	65 	51 	77 	53 	62 	38 	52 	99 	32 	78 	81 	95 	65 	97 	66 	34 	14 	40 	17 	38 	51 	15 	85 	70 	99 	8 	29 	42 	49 	63 	79 	31 	58 	96 	40 	47 	86 	50 	22 	39 	28 	28 	12 	51 	65 	7 	31 	78 	76 	51 	37 	43 	97 	27 	84 	84 	54 	21 	
97 	13 	89 	28 	80 	41 	96 	87 	94 	90 	39 	27 	79 	43 	-1 	35 	67 	24 	94 	24 	44 	32 	85 	53 	31 	84 	24 	91 	17 	111 	30 	74 	107 	56 	43 	17 	41 	87 	67 	57 	3 	36 	94 	75 	62 	52 	24 	44 	9 	98 	67 	92 	91 	73 	32 	98 	81 	45 	48 	21 	33 	60 	39 	48 	96 	67 	90 	39 	15 	56 	25 	86 	41 	14 	94 	59 	43 	10 	60 	74 	22 	66 	30 	40 	48 	43 	95 	39 	59 	95 	39 	14 	47 	40 	81 	55 	64 	48 	90 	34 	
63 	24 	67 	12 	46 	6 	67 	67 	71 	73 	34 	32 	48 	49 	35 	-1 	50 	31 	59 	13 	31 	59 	52 	32 	12 	65 	35 	59 	19 	76 	49 	40 	72 	37 	11 	25 	26 	52 	51 	44 	34 	27 	72 	52 	30 	18 	29 	20 	34 	63 	55 	60 	57 	46 	25 	63 	51 	24 	43 	15 	52 	39 	3 	43 	62 	32 	56 	51 	40 	31 	11 	60 	40 	29 	78 	53 	17 	27 	37 	50 	35 	46 	21 	25 	45 	9 	73 	42 	44 	65 	37 	27 	23 	11 	50 	41 	35 	43 	74 	56 	
56 	56 	22 	45 	45 	51 	40 	20 	27 	24 	83 	41 	81 	38 	67 	50 	-1 	77 	63 	57 	24 	68 	82 	18 	61 	17 	45 	43 	58 	83 	53 	67 	81 	12 	41 	50 	27 	55 	3 	11 	64 	31 	28 	14 	66 	40 	75 	30 	73 	73 	10 	43 	49 	86 	74 	69 	32 	26 	24 	52 	54 	11 	49 	23 	52 	51 	78 	45 	59 	21 	57 	26 	89 	53 	28 	102 	33 	66 	83 	13 	49 	4 	38 	28 	26 	45 	29 	35 	8 	41 	86 	69 	26 	39 	82 	13 	76 	93 	25 	58 	
93 	26 	97 	32 	76 	34 	98 	96 	102 	101 	15 	45 	63 	63 	24 	31 	77 	-1 	86 	21 	55 	56 	69 	60 	20 	94 	44 	90 	20 	100 	53 	61 	95 	65 	42 	32 	51 	81 	78 	70 	26 	48 	102 	82 	48 	49 	3 	49 	16 	88 	81 	91 	87 	53 	11 	89 	82 	52 	64 	26 	57 	68 	34 	64 	92 	59 	76 	60 	39 	61 	21 	91 	17 	33 	106 	35 	47 	16 	39 	80 	42 	75 	41 	50 	65 	40 	103 	58 	71 	96 	14 	12 	52 	41 	64 	66 	46 	23 	102 	58 	
13 	82 	60 	67 	18 	54 	37 	63 	60 	73 	81 	82 	39 	91 	94 	59 	63 	86 	-1 	71 	68 	113 	35 	55 	67 	64 	86 	25 	78 	21 	100 	29 	19 	60 	51 	81 	64 	8 	66 	67 	92 	70 	60 	50 	41 	42 	84 	55 	93 	11 	73 	26 	16 	53 	76 	6 	32 	58 	78 	73 	102 	56 	55 	77 	18 	27 	25 	97 	96 	49 	70 	45 	86 	85 	76 	89 	55 	86 	61 	51 	88 	59 	71 	64 	81 	50 	61 	85 	65 	33 	84 	85 	55 	55 	40 	67 	49 	85 	76 	107 	
76 	14 	76 	12 	59 	17 	78 	76 	81 	81 	28 	29 	56 	48 	24 	13 	57 	21 	71 	-1 	35 	51 	62 	40 	9 	73 	30 	71 	7 	88 	43 	51 	83 	44 	23 	18 	31 	65 	58 	49 	23 	29 	81 	61 	39 	31 	18 	28 	22 	75 	60 	73 	70 	52 	18 	75 	63 	31 	45 	7 	46 	47 	16 	45 	75 	44 	66 	47 	31 	40 	2 	70 	33 	21 	85 	49 	26 	15 	40 	59 	29 	54 	21 	30 	47 	21 	82 	41 	50 	77 	30 	15 	32 	21 	59 	46 	42 	38 	81 	49 	
66 	32 	45 	23 	50 	35 	57 	44 	50 	47 	63 	19 	73 	24 	44 	31 	24 	55 	68 	35 	-1 	49 	76 	13 	41 	41 	23 	55 	35 	88 	34 	62 	85 	13 	27 	27 	6 	60 	24 	14 	41 	7 	51 	33 	56 	30 	53 	15 	49 	76 	25 	56 	58 	75 	53 	73 	44 	10 	13 	30 	36 	17 	32 	12 	62 	47 	75 	29 	37 	19 	36 	45 	68 	29 	51 	83 	17 	43 	68 	31 	26 	22 	15 	6 	15 	30 	52 	17 	16 	57 	65 	46 	13 	23 	75 	11 	64 	73 	47 	40 	
113 	36 	90 	48 	97 	65 	105 	88 	95 	87 	71 	32 	107 	32 	32 	59 	68 	56 	113 	51 	49 	-1 	112 	62 	60 	84 	27 	104 	44 	133 	15 	99 	129 	61 	64 	34 	51 	106 	67 	58 	31 	44 	96 	81 	89 	71 	56 	59 	41 	120 	64 	105 	106 	102 	63 	119 	93 	56 	45 	45 	14 	66 	62 	45 	111 	88 	115 	24 	20 	67 	53 	93 	72 	31 	90 	91 	59 	41 	90 	79 	25 	69 	42 	50 	43 	65 	97 	34 	61 	106 	70 	45 	59 	59 	109 	56 	93 	79 	85 	11 	
48 	76 	87 	64 	42 	47 	70 	89 	89 	99 	58 	84 	7 	99 	85 	52 	82 	69 	35 	62 	76 	112 	-1 	68 	54 	89 	87 	57 	69 	37 	101 	15 	32 	74 	51 	78 	71 	37 	84 	82 	84 	75 	89 	74 	23 	46 	67 	61 	81 	29 	91 	58 	48 	20 	58 	34 	58 	66 	89 	67 	105 	72 	50 	88 	52 	31 	11 	102 	92 	62 	60 	73 	63 	81 	103 	59 	59 	75 	33 	73 	87 	77 	72 	71 	91 	48 	90 	91 	81 	65 	61 	73 	63 	55 	5 	80 	23 	59 	102 	108 	
53 	41 	37 	28 	38 	33 	44 	36 	42 	42 	65 	31 	65 	36 	53 	32 	18 	60 	55 	40 	13 	62 	68 	-1 	43 	34 	35 	42 	42 	76 	47 	53 	73 	7 	23 	37 	12 	47 	20 	15 	50 	18 	42 	22 	49 	23 	58 	12 	57 	64 	25 	43 	45 	69 	56 	61 	31 	8 	23 	36 	49 	8 	31 	22 	49 	37 	65 	42 	48 	6 	39 	33 	71 	40 	46 	84 	14 	50 	65 	21 	38 	15 	24 	13 	26 	27 	43 	30 	14 	44 	68 	52 	8 	21 	67 	13 	59 	74 	43 	53 	
73 	23 	79 	18 	56 	14 	78 	79 	83 	85 	22 	37 	48 	56 	31 	12 	61 	20 	67 	9 	41 	60 	54 	43 	-1 	77 	39 	70 	16 	82 	52 	44 	77 	49 	22 	27 	36 	61 	62 	55 	31 	35 	83 	63 	31 	29 	18 	32 	27 	69 	66 	71 	67 	43 	13 	70 	62 	36 	52 	16 	56 	51 	14 	52 	72 	39 	59 	56 	40 	42 	7 	71 	28 	30 	89 	42 	29 	21 	31 	62 	38 	58 	29 	35 	54 	20 	85 	49 	55 	76 	25 	20 	35 	22 	50 	52 	33 	32 	86 	58 	
55 	73 	7 	62 	49 	66 	32 	4 	12 	9 	99 	58 	89 	53 	84 	65 	17 	94 	64 	73 	41 	84 	89 	34 	77 	-1 	62 	40 	75 	84 	69 	75 	83 	29 	55 	68 	44 	57 	18 	27 	81 	48 	13 	16 	77 	52 	92 	45 	90 	75 	21 	40 	49 	97 	90 	70 	33 	42 	40 	69 	70 	26 	64 	39 	50 	59 	83 	60 	76 	35 	73 	19 	105 	70 	14 	117 	48 	83 	96 	16 	65 	19 	55 	45 	41 	59 	13 	50 	25 	36 	101 	85 	42 	54 	91 	30 	87 	108 	12 	74 	
86 	18 	68 	23 	70 	41 	80 	66 	73 	67 	56 	5 	83 	19 	24 	35 	45 	44 	86 	30 	23 	27 	87 	35 	39 	62 	-1 	77 	25 	106 	14 	74 	102 	36 	37 	12 	24 	79 	45 	35 	21 	17 	73 	56 	64 	45 	43 	31 	33 	93 	44 	78 	79 	80 	47 	91 	66 	29 	24 	23 	18 	41 	37 	25 	84 	62 	89 	17 	14 	40 	32 	68 	60 	11 	71 	77 	32 	28 	70 	54 	3 	45 	15 	23 	24 	39 	74 	15 	38 	80 	57 	32 	32 	32 	85 	33 	70 	66 	66 	21 	
14 	78 	35 	63 	16 	56 	13 	38 	35 	49 	88 	72 	59 	77 	91 	59 	43 	90 	25 	71 	55 	104 	57 	42 	70 	40 	77 	-1 	76 	44 	89 	46 	43 	44 	49 	76 	53 	20 	46 	50 	89 	60 	34 	29 	53 	41 	87 	47 	93 	36 	53 	1 	9 	71 	82 	31 	11 	48 	63 	70 	91 	39 	56 	62 	10 	35 	48 	84 	89 	37 	70 	21 	95 	79 	52 	101 	48 	85 	75 	30 	80 	39 	63 	54 	65 	50 	36 	72 	47 	8 	92 	86 	45 	51 	60 	50 	63 	95 	52 	95 	
82 	8 	78 	14 	64 	24 	82 	77 	83 	81 	31 	25 	64 	44 	17 	19 	58 	20 	78 	7 	35 	44 	69 	42 	16 	75 	25 	76 	-1 	95 	37 	58 	90 	46 	28 	13 	31 	71 	58 	49 	15 	28 	83 	64 	46 	36 	19 	31 	17 	81 	60 	77 	75 	58 	21 	82 	67 	33 	44 	6 	41 	49 	22 	44 	80 	50 	73 	42 	25 	43 	9 	73 	35 	15 	86 	52 	29 	9 	46 	62 	24 	56 	20 	30 	44 	27 	85 	38 	51 	81 	32 	11 	34 	25 	66 	46 	49 	41 	82 	43 	
30 	100 	79 	85 	39 	71 	54 	82 	78 	92 	92 	102 	43 	112 	111 	76 	83 	100 	21 	88 	88 	133 	37 	76 	82 	84 	106 	44 	95 	-1 	120 	39 	5 	81 	69 	100 	84 	29 	86 	89 	110 	90 	78 	71 	52 	61 	98 	75 	109 	13 	94 	44 	35 	57 	90 	15 	52 	79 	99 	91 	123 	77 	73 	98 	35 	45 	26 	117 	115 	70 	86 	64 	98 	104 	95 	96 	74 	103 	69 	72 	107 	79 	90 	85 	102 	68 	79 	105 	86 	50 	96 	101 	75 	74 	42 	88 	57 	95 	96 	127 	
99 	29 	75 	37 	83 	55 	90 	73 	81 	72 	67 	18 	97 	18 	30 	49 	53 	53 	100 	43 	34 	15 	101 	47 	52 	69 	14 	89 	37 	120 	-1 	88 	116 	46 	51 	24 	36 	92 	52 	43 	28 	30 	81 	66 	79 	59 	52 	45 	39 	107 	49 	90 	92 	94 	58 	105 	78 	42 	30 	36 	4 	51 	51 	30 	96 	76 	103 	10 	15 	53 	44 	78 	70 	22 	76 	88 	45 	37 	83 	64 	14 	54 	29 	36 	28 	54 	82 	19 	46 	91 	67 	41 	45 	47 	99 	41 	84 	76 	71 	7 	
40 	64 	74 	51 	30 	34 	58 	75 	76 	85 	53 	70 	14 	84 	74 	40 	67 	61 	29 	51 	62 	99 	15 	53 	44 	75 	74 	46 	58 	39 	88 	-1 	34 	59 	37 	65 	56 	28 	70 	68 	73 	61 	76 	60 	13 	31 	59 	46 	71 	27 	77 	47 	38 	25 	51 	30 	46 	51 	74 	55 	91 	57 	37 	74 	43 	17 	16 	88 	80 	47 	49 	60 	59 	69 	89 	60 	45 	65 	32 	59 	74 	63 	59 	56 	77 	34 	77 	77 	66 	54 	57 	63 	48 	41 	15 	66 	20 	57 	88 	95 	
29 	96 	78 	81 	36 	66 	55 	81 	78 	92 	87 	98 	38 	109 	107 	72 	81 	95 	19 	83 	85 	129 	32 	73 	77 	83 	102 	43 	90 	5 	116 	34 	-1 	78 	65 	96 	81 	27 	84 	86 	105 	86 	78 	69 	47 	58 	93 	72 	104 	9 	92 	44 	34 	52 	85 	13 	50 	75 	96 	86 	119 	75 	68 	95 	34 	41 	21 	114 	111 	67 	82 	64 	92 	99 	95 	91 	71 	98 	64 	70 	104 	77 	87 	81 	99 	64 	79 	102 	83 	50 	90 	97 	72 	70 	37 	85 	52 	90 	95 	123 	
56 	44 	33 	33 	42 	39 	45 	32 	38 	36 	71 	31 	72 	33 	56 	37 	12 	65 	60 	44 	13 	61 	74 	7 	49 	29 	36 	44 	46 	81 	46 	59 	78 	-1 	29 	39 	14 	52 	14 	8 	53 	19 	39 	21 	56 	30 	63 	18 	61 	69 	18 	45 	49 	76 	61 	66 	33 	13 	19 	40 	47 	5 	37 	18 	53 	43 	71 	39 	49 	12 	44 	32 	77 	42 	41 	90 	21 	54 	72 	19 	39 	10 	26 	16 	21 	33 	40 	27 	7 	45 	73 	56 	14 	27 	74 	7 	65 	80 	37 	51 	
54 	31 	57 	16 	37 	10 	56 	57 	61 	64 	44 	33 	47 	48 	43 	11 	41 	42 	51 	23 	27 	64 	51 	23 	22 	55 	37 	49 	28 	69 	51 	37 	65 	29 	-1 	31 	21 	44 	43 	37 	42 	24 	61 	41 	29 	8 	39 	12 	44 	56 	48 	50 	47 	48 	35 	56 	40 	17 	39 	22 	55 	30 	8 	39 	53 	25 	52 	51 	46 	21 	21 	49 	50 	34 	68 	62 	9 	37 	42 	40 	38 	37 	22 	20 	41 	4 	63 	41 	36 	54 	47 	37 	15 	5 	49 	34 	37 	53 	65 	58 	
83 	6 	72 	15 	66 	31 	80 	71 	77 	73 	44 	12 	73 	31 	17 	25 	50 	32 	81 	18 	27 	34 	78 	37 	27 	68 	12 	76 	13 	100 	24 	65 	96 	39 	31 	-1 	25 	74 	50 	41 	14 	20 	78 	59 	55 	39 	31 	29 	23 	87 	51 	77 	76 	69 	34 	86 	66 	29 	33 	12 	28 	43 	28 	33 	81 	55 	81 	29 	15 	40 	20 	70 	48 	4 	78 	65 	28 	17 	58 	57 	11 	49 	13 	24 	33 	32 	79 	25 	43 	80 	45 	21 	31 	26 	75 	38 	59 	54 	73 	31 	
63 	30 	48 	19 	47 	29 	56 	46 	53 	50 	58 	19 	68 	28 	41 	26 	27 	51 	64 	31 	6 	51 	71 	12 	36 	44 	24 	53 	31 	84 	36 	56 	81 	14 	21 	25 	-1 	56 	27 	19 	39 	6 	53 	34 	50 	25 	49 	10 	46 	71 	30 	55 	56 	69 	48 	70 	43 	6 	18 	25 	39 	18 	26 	18 	60 	42 	70 	33 	36 	17 	31 	45 	63 	28 	55 	78 	12 	39 	62 	32 	26 	25 	12 	1 	21 	25 	54 	21 	20 	56 	60 	42 	9 	17 	70 	16 	58 	68 	51 	43 	
13 	75 	53 	60 	10 	48 	32 	56 	54 	66 	77 	74 	40 	83 	87 	52 	55 	81 	8 	65 	60 	106 	37 	47 	61 	57 	79 	20 	71 	29 	92 	28 	27 	52 	44 	74 	56 	-1 	58 	59 	85 	62 	53 	43 	38 	35 	79 	47 	87 	18 	65 	21 	11 	53 	72 	14 	24 	50 	70 	66 	95 	48 	49 	69 	15 	22 	28 	89 	89 	41 	63 	39 	83 	78 	70 	86 	47 	80 	59 	43 	80 	51 	63 	57 	73 	44 	55 	77 	57 	28 	80 	80 	47 	48 	41 	59 	47 	82 	69 	99 	
59 	56 	24 	46 	48 	53 	42 	21 	29 	23 	85 	41 	83 	36 	67 	51 	3 	78 	66 	58 	24 	67 	84 	20 	62 	18 	45 	46 	58 	86 	52 	70 	84 	14 	43 	50 	27 	58 	-1 	10 	64 	31 	29 	17 	68 	42 	76 	31 	73 	76 	7 	46 	52 	88 	75 	72 	35 	27 	22 	53 	53 	13 	50 	21 	55 	53 	80 	44 	58 	23 	58 	28 	90 	53 	28 	104 	34 	66 	85 	16 	48 	7 	38 	28 	24 	47 	30 	33 	8 	44 	87 	69 	28 	41 	85 	12 	78 	94 	24 	57 	
63 	47 	33 	37 	50 	46 	49 	31 	38 	32 	77 	31 	80 	28 	57 	44 	11 	70 	67 	49 	14 	58 	82 	15 	55 	27 	35 	50 	49 	89 	43 	68 	86 	8 	37 	41 	19 	59 	10 	-1 	54 	22 	38 	23 	64 	38 	67 	25 	63 	77 	11 	51 	55 	84 	67 	73 	39 	20 	14 	44 	44 	12 	44 	13 	59 	51 	80 	35 	49 	20 	50 	35 	82 	43 	37 	96 	28 	57 	79 	22 	38 	11 	29 	20 	16 	41 	39 	24 	3 	50 	79 	60 	21 	34 	82 	3 	73 	86 	33 	48 	
95 	10 	86 	26 	78 	39 	94 	84 	91 	87 	41 	24 	79 	40 	3 	34 	64 	26 	92 	23 	41 	31 	84 	50 	31 	81 	21 	89 	15 	110 	28 	73 	105 	53 	42 	14 	39 	85 	64 	54 	-1 	33 	91 	73 	62 	50 	26 	42 	12 	97 	64 	90 	89 	73 	32 	97 	79 	42 	45 	19 	31 	57 	37 	45 	94 	65 	89 	36 	13 	53 	24 	83 	43 	11 	91 	61 	41 	11 	60 	71 	19 	63 	27 	37 	45 	42 	92 	36 	56 	93 	40 	15 	44 	38 	81 	52 	64 	49 	87 	33 	
69 	25 	53 	17 	53 	31 	62 	51 	58 	54 	57 	13 	71 	24 	36 	27 	31 	48 	70 	29 	7 	44 	75 	18 	35 	48 	17 	60 	28 	90 	30 	61 	86 	19 	24 	20 	6 	62 	31 	22 	33 	-1 	58 	40 	53 	30 	46 	15 	42 	77 	32 	61 	62 	71 	47 	75 	49 	12 	17 	23 	33 	24 	28 	17 	66 	47 	75 	28 	30 	23 	29 	51 	62 	22 	58 	77 	16 	35 	63 	38 	20 	29 	8 	6 	19 	27 	59 	17 	23 	62 	59 	38 	15 	20 	73 	19 	61 	66 	54 	37 	
48 	82 	6 	70 	46 	71 	24 	9 	1 	16 	105 	69 	90 	65 	94 	72 	28 	102 	60 	81 	51 	96 	89 	42 	83 	13 	73 	34 	83 	78 	81 	76 	78 	39 	61 	78 	53 	53 	29 	38 	91 	58 	-1 	20 	79 	57 	99 	53 	99 	70 	33 	34 	44 	98 	97 	65 	30 	50 	51 	77 	82 	35 	70 	51 	43 	60 	81 	73 	87 	41 	81 	15 	111 	80 	18 	122 	55 	92 	99 	22 	77 	29 	65 	54 	53 	65 	2 	62 	36 	28 	108 	94 	50 	61 	91 	41 	89 	114 	20 	86 	
43 	63 	16 	50 	34 	51 	25 	16 	20 	25 	85 	52 	74 	51 	75 	52 	14 	82 	50 	61 	33 	81 	74 	22 	63 	16 	56 	29 	64 	71 	66 	60 	69 	21 	41 	59 	34 	43 	17 	23 	73 	40 	20 	-1 	61 	37 	79 	33 	80 	61 	24 	29 	36 	81 	77 	56 	19 	31 	37 	58 	67 	16 	50 	36 	38 	44 	68 	59 	70 	21 	61 	12 	91 	62 	30 	103 	35 	73 	80 	2 	59 	12 	46 	35 	39 	45 	21 	47 	20 	27 	88 	75 	30 	41 	75 	25 	71 	94 	28 	71 	
51 	53 	76 	41 	37 	24 	65 	77 	79 	86 	40 	61 	18 	77 	62 	30 	66 	48 	41 	39 	56 	89 	23 	49 	31 	77 	64 	53 	46 	52 	79 	13 	47 	56 	29 	55 	50 	38 	68 	64 	62 	53 	79 	61 	-1 	27 	46 	41 	59 	40 	74 	55 	47 	20 	38 	43 	50 	46 	69 	44 	82 	55 	27 	68 	52 	19 	28 	80 	70 	45 	37 	64 	46 	58 	91 	49 	38 	53 	22 	60 	65 	62 	50 	50 	71 	26 	81 	70 	63 	61 	44 	51 	43 	34 	20 	62 	10 	45 	88 	86 	
45 	40 	53 	24 	28 	16 	49 	53 	57 	61 	49 	40 	43 	53 	52 	18 	40 	49 	42 	31 	30 	71 	46 	23 	29 	52 	45 	41 	36 	61 	59 	31 	58 	30 	8 	39 	25 	35 	42 	38 	50 	30 	57 	37 	27 	-1 	47 	15 	52 	48 	48 	42 	39 	47 	42 	47 	33 	20 	43 	31 	62 	29 	15 	42 	44 	17 	45 	57 	54 	19 	29 	43 	56 	42 	66 	65 	14 	45 	43 	36 	46 	35 	29 	25 	45 	10 	58 	46 	36 	47 	52 	45 	17 	13 	45 	35 	36 	57 	63 	66 	
90 	25 	95 	30 	74 	31 	95 	94 	99 	99 	15 	43 	61 	62 	24 	29 	75 	3 	84 	18 	53 	56 	67 	58 	18 	92 	43 	87 	19 	98 	52 	59 	93 	63 	39 	31 	49 	79 	76 	67 	26 	46 	99 	79 	46 	47 	-1 	47 	16 	85 	78 	89 	85 	52 	9 	87 	80 	50 	62 	24 	56 	66 	31 	62 	90 	57 	74 	59 	38 	58 	19 	88 	17 	31 	103 	35 	44 	15 	37 	78 	41 	72 	39 	48 	63 	37 	101 	56 	68 	93 	15 	11 	50 	38 	63 	64 	45 	24 	100 	58 	
55 	32 	48 	18 	39 	22 	52 	47 	52 	53 	54 	27 	58 	38 	44 	20 	30 	49 	55 	28 	15 	59 	61 	12 	32 	45 	31 	47 	31 	75 	45 	46 	72 	18 	12 	29 	10 	47 	31 	25 	42 	15 	53 	33 	41 	15 	47 	-1 	47 	62 	36 	48 	48 	60 	44 	60 	37 	5 	28 	25 	48 	19 	19 	27 	53 	32 	60 	42 	42 	12 	28 	42 	60 	32 	58 	73 	3 	40 	54 	31 	33 	26 	17 	10 	30 	16 	54 	31 	24 	51 	56 	42 	3 	9 	60 	22 	49 	63 	54 	52 	
98 	17 	94 	30 	80 	39 	99 	93 	99 	96 	31 	35 	75 	52 	9 	34 	73 	16 	93 	22 	49 	41 	81 	57 	27 	90 	33 	93 	17 	109 	39 	71 	104 	61 	44 	23 	46 	87 	73 	63 	12 	42 	99 	80 	59 	52 	16 	47 	-1 	96 	74 	94 	91 	67 	24 	97 	83 	49 	55 	22 	43 	65 	38 	56 	97 	66 	86 	48 	24 	59 	23 	90 	32 	22 	100 	50 	46 	7 	53 	78 	30 	71 	35 	45 	56 	43 	100 	47 	65 	98 	30 	8 	50 	41 	77 	61 	59 	39 	96 	44 	
23 	87 	71 	72 	27 	57 	48 	73 	71 	84 	80 	89 	34 	99 	98 	63 	73 	88 	11 	75 	76 	120 	29 	64 	69 	75 	93 	36 	81 	13 	107 	27 	9 	69 	56 	87 	71 	18 	76 	77 	97 	77 	70 	61 	40 	48 	85 	62 	96 	-1 	83 	37 	27 	48 	77 	6 	42 	66 	87 	77 	109 	65 	59 	86 	28 	32 	17 	104 	102 	58 	73 	56 	86 	90 	87 	86 	61 	89 	59 	61 	94 	68 	77 	72 	89 	55 	72 	93 	74 	43 	84 	88 	63 	61 	34 	76 	46 	84 	87 	114 	
66 	57 	28 	49 	55 	57 	49 	25 	32 	23 	88 	40 	90 	32 	67 	55 	10 	81 	73 	60 	25 	64 	91 	25 	66 	21 	44 	53 	60 	94 	49 	77 	92 	18 	48 	51 	30 	65 	7 	11 	64 	32 	33 	24 	74 	48 	78 	36 	74 	83 	-1 	53 	59 	94 	78 	79 	43 	31 	20 	55 	49 	19 	55 	19 	62 	60 	88 	40 	57 	30 	61 	35 	93 	53 	27 	108 	39 	68 	90 	23 	47 	15 	40 	31 	21 	52 	33 	31 	11 	51 	90 	71 	32 	45 	92 	14 	84 	98 	23 	53 	
14 	80 	35 	65 	18 	57 	12 	38 	35 	48 	90 	74 	61 	78 	92 	60 	43 	91 	26 	73 	56 	105 	58 	43 	71 	40 	78 	1 	77 	44 	90 	47 	44 	45 	50 	77 	55 	21 	46 	51 	90 	61 	34 	29 	55 	42 	89 	48 	94 	37 	53 	-1 	10 	72 	83 	31 	12 	49 	64 	72 	92 	40 	58 	63 	10 	36 	49 	85 	90 	38 	71 	21 	96 	80 	52 	103 	49 	87 	76 	30 	81 	40 	65 	55 	66 	52 	35 	73 	48 	7 	93 	87 	47 	53 	61 	51 	65 	97 	52 	96 	
7 	78 	44 	63 	11 	53 	22 	47 	44 	57 	84 	74 	51 	81 	91 	57 	49 	87 	16 	70 	58 	106 	48 	45 	67 	49 	79 	9 	75 	35 	92 	38 	34 	49 	47 	76 	56 	11 	52 	55 	89 	62 	44 	36 	47 	39 	85 	48 	91 	27 	59 	10 	-1 	63 	78 	22 	17 	50 	67 	70 	94 	44 	54 	67 	5 	29 	39 	87 	90 	39 	68 	29 	90 	80 	61 	96 	48 	84 	69 	37 	81 	45 	65 	56 	70 	48 	45 	75 	52 	17 	88 	84 	47 	51 	52 	55 	57 	90 	61 	98 	
65 	66 	96 	57 	55 	41 	83 	97 	99 	106 	40 	78 	14 	95 	73 	46 	86 	53 	53 	52 	75 	102 	20 	69 	43 	97 	80 	71 	58 	57 	94 	25 	52 	76 	48 	69 	69 	53 	88 	84 	73 	71 	98 	81 	20 	47 	52 	60 	67 	48 	94 	72 	63 	-1 	43 	52 	69 	65 	87 	58 	97 	75 	44 	87 	67 	38 	31 	96 	83 	65 	50 	83 	44 	72 	111 	39 	57 	63 	15 	80 	80 	82 	67 	69 	89 	44 	100 	88 	83 	79 	43 	60 	63 	52 	15 	82 	11 	40 	108 	101 	
84 	29 	92 	30 	67 	26 	91 	92 	96 	97 	10 	46 	52 	65 	32 	25 	74 	11 	76 	18 	53 	63 	58 	56 	13 	90 	47 	82 	21 	90 	58 	51 	85 	61 	35 	34 	48 	72 	75 	67 	32 	47 	97 	77 	38 	42 	9 	44 	24 	77 	78 	83 	78 	43 	-1 	79 	75 	48 	64 	25 	61 	64 	27 	64 	84 	50 	65 	64 	44 	56 	18 	84 	15 	36 	102 	31 	42 	21 	29 	75 	45 	71 	40 	47 	65 	32 	98 	59 	68 	88 	12 	18 	48 	35 	54 	64 	36 	20 	98 	64 	
18 	87 	65 	72 	24 	58 	42 	68 	66 	79 	83 	87 	39 	97 	98 	63 	69 	89 	6 	75 	73 	119 	34 	61 	70 	70 	91 	31 	82 	15 	105 	30 	13 	66 	56 	86 	70 	14 	72 	73 	97 	75 	65 	56 	43 	47 	87 	60 	97 	6 	79 	31 	22 	52 	79 	-1 	37 	64 	84 	77 	108 	62 	60 	83 	22 	31 	23 	102 	101 	55 	74 	51 	89 	90 	82 	90 	60 	90 	62 	57 	93 	65 	76 	70 	87 	55 	67 	91 	71 	38 	86 	89 	61 	60 	39 	73 	50 	87 	82 	112 	
24 	69 	29 	54 	16 	49 	16 	31 	30 	42 	82 	62 	60 	66 	81 	51 	32 	82 	32 	63 	44 	93 	58 	31 	62 	33 	66 	11 	67 	52 	78 	46 	50 	33 	40 	66 	43 	24 	35 	39 	79 	49 	30 	19 	50 	33 	80 	37 	83 	42 	43 	12 	17 	69 	75 	37 	-1 	37 	52 	61 	80 	28 	48 	51 	20 	31 	51 	73 	79 	26 	62 	15 	88 	69 	46 	97 	38 	76 	72 	20 	69 	29 	53 	44 	54 	42 	32 	61 	36 	14 	85 	77 	35 	42 	61 	39 	61 	90 	45 	84 	
57 	33 	45 	20 	41 	27 	52 	44 	50 	49 	58 	25 	63 	34 	45 	24 	26 	52 	58 	31 	10 	56 	66 	8 	36 	42 	29 	48 	33 	79 	42 	51 	75 	13 	17 	29 	6 	50 	27 	20 	42 	12 	50 	31 	46 	20 	50 	5 	49 	66 	31 	49 	50 	65 	48 	64 	37 	-1 	23 	27 	44 	16 	24 	22 	55 	36 	65 	39 	41 	11 	31 	41 	63 	32 	54 	77 	8 	42 	60 	29 	32 	23 	16 	6 	25 	21 	51 	27 	20 	51 	60 	44 	3 	14 	65 	17 	55 	67 	50 	49 	
75 	39 	46 	34 	60 	47 	62 	43 	51 	43 	74 	21 	86 	14 	48 	43 	24 	64 	78 	45 	13 	45 	89 	23 	52 	40 	24 	63 	44 	99 	30 	74 	96 	19 	39 	33 	18 	70 	22 	14 	45 	17 	51 	37 	69 	43 	62 	28 	55 	87 	20 	64 	67 	87 	64 	84 	52 	23 	-1 	39 	31 	23 	44 	1 	71 	59 	87 	22 	37 	29 	46 	49 	78 	34 	47 	94 	30 	50 	80 	35 	27 	25 	24 	19 	3 	43 	52 	11 	17 	63 	75 	53 	26 	35 	88 	13 	77 	83 	42 	35 	
76 	9 	72 	8 	59 	21 	77 	71 	77 	76 	35 	22 	62 	40 	21 	15 	52 	26 	73 	7 	30 	45 	67 	36 	16 	69 	23 	70 	6 	91 	36 	55 	86 	40 	22 	12 	25 	66 	53 	44 	19 	23 	77 	58 	44 	31 	24 	25 	22 	77 	55 	72 	70 	58 	25 	77 	61 	27 	39 	-1 	40 	43 	18 	39 	75 	46 	70 	40 	26 	37 	9 	67 	39 	14 	80 	56 	23 	15 	47 	56 	22 	50 	15 	24 	40 	23 	79 	34 	45 	75 	36 	17 	28 	19 	64 	41 	48 	45 	76 	43 	
101 	33 	76 	41 	86 	58 	92 	73 	81 	72 	71 	21 	100 	17 	33 	52 	54 	57 	102 	46 	36 	14 	105 	49 	56 	70 	18 	91 	41 	123 	4 	91 	119 	47 	55 	28 	39 	95 	53 	44 	31 	33 	82 	67 	82 	62 	56 	48 	43 	109 	49 	92 	94 	97 	61 	108 	80 	44 	31 	40 	-1 	52 	55 	31 	98 	79 	106 	10 	18 	55 	48 	79 	73 	26 	75 	91 	48 	41 	86 	65 	17 	55 	33 	38 	29 	57 	82 	20 	47 	93 	71 	45 	48 	50 	102 	42 	87 	80 	71 	4 	
51 	48 	29 	36 	38 	40 	40 	28 	34 	34 	73 	36 	71 	38 	60 	39 	11 	68 	56 	47 	17 	66 	72 	8 	51 	26 	41 	39 	49 	77 	51 	57 	75 	5 	30 	43 	18 	48 	13 	12 	57 	24 	35 	16 	55 	29 	66 	19 	65 	65 	19 	40 	44 	75 	64 	62 	28 	16 	23 	43 	52 	-1 	38 	23 	48 	41 	69 	44 	54 	10 	47 	27 	79 	46 	39 	92 	22 	58 	72 	14 	43 	7 	30 	20 	26 	34 	36 	33 	9 	40 	76 	60 	16 	29 	72 	11 	65 	82 	35 	57 	
60 	28 	65 	14 	43 	3 	64 	65 	70 	72 	36 	34 	45 	51 	39 	3 	49 	34 	55 	16 	32 	62 	50 	31 	14 	64 	37 	56 	22 	73 	51 	37 	68 	37 	8 	28 	26 	49 	50 	44 	37 	28 	70 	50 	27 	15 	31 	19 	38 	59 	55 	58 	54 	44 	27 	60 	48 	24 	44 	18 	55 	38 	-1 	44 	59 	28 	53 	53 	43 	29 	14 	57 	42 	32 	77 	54 	16 	31 	36 	48 	38 	45 	23 	26 	46 	6 	71 	44 	43 	62 	38 	30 	23 	10 	47 	41 	33 	44 	73 	59 	
74 	39 	45 	34 	60 	47 	61 	42 	50 	42 	74 	21 	85 	15 	48 	43 	23 	64 	77 	45 	12 	45 	88 	22 	52 	39 	25 	62 	44 	98 	30 	74 	95 	18 	39 	33 	18 	69 	21 	13 	45 	17 	51 	36 	68 	42 	62 	27 	56 	86 	19 	63 	67 	87 	64 	83 	51 	22 	1 	39 	31 	23 	44 	-1 	70 	58 	87 	23 	38 	29 	46 	48 	78 	34 	46 	94 	30 	50 	80 	34 	28 	24 	24 	19 	3 	43 	51 	12 	16 	63 	75 	54 	25 	35 	87 	12 	76 	83 	42 	35 	
5 	83 	44 	68 	16 	59 	20 	48 	44 	58 	89 	79 	55 	85 	96 	62 	52 	92 	18 	75 	62 	111 	52 	49 	72 	50 	84 	10 	80 	35 	96 	43 	34 	53 	53 	81 	60 	15 	55 	59 	94 	66 	43 	38 	52 	44 	90 	53 	97 	28 	62 	10 	5 	67 	84 	22 	20 	55 	71 	75 	98 	48 	59 	70 	-1 	34 	42 	91 	95 	44 	73 	30 	96 	85 	61 	101 	53 	89 	74 	39 	86 	48 	69 	61 	74 	54 	45 	79 	56 	15 	93 	90 	52 	56 	56 	59 	61 	96 	61 	103 	
34 	55 	58 	40 	19 	27 	46 	59 	61 	69 	55 	58 	30 	70 	67 	32 	51 	59 	27 	44 	47 	88 	31 	37 	39 	59 	62 	35 	50 	45 	76 	17 	41 	43 	25 	55 	42 	22 	53 	51 	65 	47 	60 	44 	19 	17 	57 	32 	66 	32 	60 	36 	29 	38 	50 	31 	31 	36 	59 	46 	79 	41 	28 	58 	34 	-1 	29 	74 	70 	31 	42 	45 	61 	59 	73 	67 	31 	59 	41 	43 	63 	46 	46 	42 	61 	24 	62 	63 	49 	42 	59 	58 	33 	29 	32 	50 	30 	61 	71 	83 	
38 	80 	80 	66 	35 	50 	61 	83 	82 	93 	67 	85 	17 	99 	90 	56 	78 	76 	25 	66 	75 	115 	11 	65 	59 	83 	89 	48 	73 	26 	103 	16 	21 	71 	52 	81 	70 	28 	80 	80 	89 	75 	81 	68 	28 	45 	74 	60 	86 	17 	88 	49 	39 	31 	65 	23 	51 	65 	87 	70 	106 	69 	53 	87 	42 	29 	-1 	102 	96 	59 	64 	66 	72 	84 	97 	70 	59 	80 	43 	68 	90 	73 	74 	70 	90 	49 	83 	92 	77 	56 	70 	79 	62 	56 	16 	78 	31 	69 	96 	110 	
95 	35 	67 	39 	79 	56 	84 	64 	72 	63 	73 	19 	98 	8 	39 	51 	45 	60 	97 	47 	29 	24 	102 	42 	56 	60 	17 	84 	42 	117 	10 	88 	114 	39 	51 	29 	33 	89 	44 	35 	36 	28 	73 	59 	80 	57 	59 	42 	48 	104 	40 	85 	87 	96 	64 	102 	73 	39 	22 	40 	10 	44 	53 	23 	91 	74 	102 	-1 	24 	48 	48 	70 	77 	28 	66 	94 	44 	45 	86 	57 	19 	47 	30 	33 	20 	54 	73 	12 	38 	85 	74 	49 	42 	46 	100 	34 	86 	83 	61 	13 	
98 	17 	81 	30 	81 	46 	93 	79 	87 	80 	53 	18 	87 	29 	15 	40 	59 	39 	96 	31 	37 	20 	92 	48 	40 	76 	14 	89 	25 	115 	15 	80 	111 	49 	46 	15 	36 	89 	58 	49 	13 	30 	87 	70 	70 	54 	38 	42 	24 	102 	57 	90 	90 	83 	44 	101 	79 	41 	37 	26 	18 	54 	43 	38 	95 	70 	96 	24 	-1 	53 	33 	81 	55 	12 	84 	73 	42 	23 	71 	68 	11 	59 	26 	35 	37 	47 	88 	27 	51 	92 	53 	27 	44 	41 	89 	46 	73 	62 	80 	20 	
47 	44 	37 	30 	31 	31 	40 	36 	41 	43 	65 	36 	60 	42 	56 	31 	21 	61 	49 	40 	19 	67 	62 	6 	42 	35 	40 	37 	43 	70 	53 	47 	67 	12 	21 	40 	17 	41 	23 	20 	53 	23 	41 	21 	45 	19 	58 	12 	59 	58 	30 	38 	39 	65 	56 	55 	26 	11 	29 	37 	55 	10 	29 	29 	44 	31 	59 	48 	53 	-1 	40 	30 	70 	43 	48 	82 	14 	52 	62 	19 	43 	17 	27 	17 	32 	24 	42 	36 	18 	40 	67 	54 	9 	20 	62 	19 	55 	73 	45 	59 	
74 	16 	76 	12 	57 	16 	77 	75 	80 	81 	28 	30 	55 	49 	25 	11 	57 	21 	70 	2 	36 	53 	60 	39 	7 	73 	32 	70 	9 	86 	44 	49 	82 	44 	21 	20 	31 	63 	58 	50 	24 	29 	81 	61 	37 	29 	19 	28 	23 	73 	61 	71 	68 	50 	18 	74 	62 	31 	46 	9 	48 	47 	14 	46 	73 	42 	64 	48 	33 	40 	-1 	70 	33 	22 	85 	48 	25 	17 	38 	59 	31 	54 	22 	30 	47 	20 	82 	42 	50 	76 	29 	16 	31 	20 	57 	47 	40 	37 	81 	51 	
35 	74 	15 	60 	31 	59 	14 	17 	16 	28 	93 	63 	74 	63 	86 	60 	26 	91 	45 	70 	45 	93 	73 	33 	71 	19 	68 	21 	73 	64 	78 	60 	64 	32 	49 	70 	45 	39 	28 	35 	83 	51 	15 	12 	64 	43 	88 	42 	90 	56 	35 	21 	29 	83 	84 	51 	15 	41 	49 	67 	79 	27 	57 	48 	30 	45 	66 	70 	81 	30 	70 	-1 	99 	73 	31 	109 	44 	82 	85 	14 	71 	24 	57 	46 	51 	52 	17 	59 	32 	17 	96 	84 	39 	50 	75 	36 	75 	101 	31 	83 	
95 	42 	107 	45 	80 	40 	104 	107 	111 	113 	6 	60 	56 	79 	41 	40 	89 	17 	86 	33 	68 	72 	63 	71 	28 	105 	60 	95 	35 	98 	70 	59 	92 	77 	50 	48 	63 	83 	90 	82 	43 	62 	111 	91 	46 	56 	17 	60 	32 	86 	93 	96 	90 	44 	15 	89 	88 	63 	78 	39 	73 	79 	42 	78 	96 	61 	72 	77 	55 	70 	33 	99 	-1 	49 	117 	18 	57 	32 	30 	90 	58 	86 	54 	62 	79 	47 	113 	73 	83 	101 	3 	28 	63 	50 	58 	79 	41 	7 	114 	75 	
87 	7 	75 	18 	70 	35 	83 	73 	80 	75 	45 	13 	76 	31 	14 	29 	53 	33 	85 	21 	29 	31 	81 	40 	30 	70 	11 	79 	15 	104 	22 	69 	99 	42 	34 	4 	28 	78 	53 	43 	11 	22 	80 	62 	58 	42 	31 	32 	22 	90 	53 	80 	80 	72 	36 	90 	69 	32 	34 	14 	26 	46 	32 	34 	85 	59 	84 	28 	12 	43 	22 	73 	49 	-1 	80 	66 	31 	17 	61 	60 	9 	52 	16 	27 	34 	35 	81 	26 	45 	83 	46 	21 	34 	30 	78 	40 	62 	55 	75 	29 	
66 	83 	17 	73 	62 	79 	42 	14 	18 	5 	112 	67 	103 	58 	94 	78 	28 	106 	76 	85 	51 	90 	103 	46 	89 	14 	71 	52 	86 	95 	76 	89 	95 	41 	68 	78 	55 	70 	28 	37 	91 	58 	18 	30 	91 	66 	103 	58 	100 	87 	27 	52 	61 	111 	102 	82 	46 	54 	47 	80 	75 	39 	77 	46 	61 	73 	97 	66 	84 	48 	85 	31 	117 	80 	-1 	130 	61 	94 	109 	30 	74 	31 	66 	56 	48 	72 	17 	58 	35 	46 	114 	97 	54 	67 	105 	40 	101 	121 	5 	79 	
99 	59 	118 	60 	85 	51 	112 	119 	122 	125 	21 	77 	53 	96 	59 	53 	102 	35 	89 	49 	83 	91 	59 	84 	42 	117 	77 	101 	52 	96 	88 	60 	91 	90 	62 	65 	78 	86 	104 	96 	61 	77 	122 	103 	49 	65 	35 	73 	50 	86 	108 	103 	96 	39 	31 	90 	97 	77 	94 	56 	91 	92 	54 	94 	101 	67 	70 	94 	73 	82 	48 	109 	18 	66 	130 	-1 	70 	50 	27 	101 	76 	99 	70 	77 	95 	58 	124 	90 	97 	109 	20 	46 	76 	63 	54 	93 	40 	12 	127 	93 	
56 	31 	51 	16 	39 	19 	53 	50 	55 	56 	51 	27 	56 	40 	43 	17 	33 	47 	55 	26 	17 	59 	59 	14 	29 	48 	32 	48 	29 	74 	45 	45 	71 	21 	9 	28 	12 	47 	34 	28 	41 	16 	55 	35 	38 	14 	44 	3 	46 	61 	39 	49 	48 	57 	42 	60 	38 	8 	30 	23 	48 	22 	16 	30 	53 	31 	59 	44 	42 	14 	25 	44 	57 	31 	61 	70 	-1 	38 	52 	34 	33 	29 	16 	12 	32 	13 	57 	33 	27 	52 	53 	40 	6 	7 	58 	25 	47 	60 	57 	52 	
90 	11 	87 	23 	73 	32 	92 	86 	92 	89 	30 	30 	69 	47 	10 	27 	66 	16 	86 	15 	43 	41 	75 	50 	21 	83 	28 	85 	9 	103 	37 	65 	98 	54 	37 	17 	39 	80 	66 	57 	11 	35 	92 	73 	53 	45 	15 	40 	7 	89 	68 	87 	84 	63 	21 	90 	76 	42 	50 	15 	41 	58 	31 	50 	89 	59 	80 	45 	23 	52 	17 	82 	32 	17 	94 	50 	38 	-1 	49 	71 	26 	64 	28 	38 	50 	36 	93 	43 	59 	90 	30 	4 	43 	34 	71 	54 	54 	39 	90 	43 	
72 	54 	96 	48 	59 	33 	86 	97 	99 	105 	26 	68 	27 	86 	60 	37 	83 	39 	61 	40 	68 	90 	33 	65 	31 	96 	70 	75 	46 	69 	83 	32 	64 	72 	42 	58 	62 	59 	85 	79 	60 	63 	99 	80 	22 	43 	37 	54 	53 	59 	90 	76 	69 	15 	29 	62 	72 	60 	80 	47 	86 	72 	36 	80 	74 	41 	43 	86 	71 	62 	38 	85 	30 	61 	109 	27 	52 	49 	-1 	79 	69 	79 	58 	62 	82 	38 	101 	79 	78 	83 	29 	46 	58 	45 	28 	76 	13 	26 	106 	89 	
43 	61 	17 	48 	34 	50 	27 	17 	21 	26 	84 	50 	73 	50 	74 	50 	13 	80 	51 	59 	31 	79 	73 	21 	62 	16 	54 	30 	62 	72 	64 	59 	70 	19 	40 	57 	32 	43 	16 	22 	71 	38 	22 	2 	60 	36 	78 	31 	78 	61 	23 	30 	37 	80 	75 	57 	20 	29 	35 	56 	65 	14 	48 	34 	39 	43 	68 	57 	68 	19 	59 	14 	90 	60 	30 	101 	34 	71 	79 	-1 	57 	10 	44 	33 	37 	43 	23 	45 	19 	29 	87 	73 	28 	40 	75 	23 	71 	93 	28 	69 	
88 	16 	71 	24 	72 	41 	82 	69 	76 	70 	55 	7 	83 	22 	22 	35 	49 	42 	88 	29 	26 	25 	87 	38 	38 	65 	3 	80 	24 	107 	14 	74 	104 	39 	38 	11 	26 	80 	48 	38 	19 	20 	77 	59 	65 	46 	41 	33 	30 	94 	47 	81 	81 	80 	45 	93 	69 	32 	27 	22 	17 	43 	38 	28 	86 	63 	90 	19 	11 	43 	31 	71 	58 	9 	74 	76 	33 	26 	69 	57 	-1 	48 	17 	25 	27 	40 	77 	18 	41 	82 	55 	30 	34 	34 	85 	36 	70 	64 	70 	21 	
53 	54 	23 	42 	41 	47 	37 	22 	28 	27 	80 	41 	76 	39 	66 	46 	4 	75 	59 	54 	22 	69 	77 	15 	58 	19 	45 	39 	56 	79 	54 	63 	77 	10 	37 	49 	25 	51 	7 	11 	63 	29 	29 	12 	62 	35 	72 	26 	71 	68 	15 	40 	45 	82 	71 	65 	29 	23 	25 	50 	55 	7 	45 	24 	48 	46 	73 	47 	59 	17 	54 	24 	86 	52 	31 	99 	29 	64 	79 	10 	48 	-1 	36 	26 	27 	41 	30 	35 	8 	39 	83 	66 	23 	36 	78 	13 	71 	89 	28 	59 	
72 	18 	59 	11 	55 	27 	67 	58 	64 	61 	50 	11 	68 	28 	30 	21 	38 	41 	71 	21 	15 	42 	72 	24 	29 	55 	15 	63 	20 	90 	29 	59 	87 	26 	22 	13 	12 	63 	38 	29 	27 	8 	65 	46 	50 	29 	39 	17 	35 	77 	40 	65 	65 	67 	40 	76 	53 	16 	24 	15 	33 	30 	23 	24 	69 	46 	74 	30 	26 	27 	22 	57 	54 	16 	66 	70 	16 	28 	58 	44 	17 	36 	-1 	11 	25 	24 	66 	21 	31 	67 	51 	31 	18 	17 	70 	26 	56 	59 	62 	37 	
64 	28 	49 	18 	47 	29 	57 	47 	54 	51 	57 	18 	67 	28 	40 	25 	28 	50 	64 	30 	6 	50 	71 	13 	35 	45 	23 	54 	30 	85 	36 	56 	81 	16 	20 	24 	1 	57 	28 	20 	37 	6 	54 	35 	50 	25 	48 	10 	45 	72 	31 	55 	56 	69 	47 	70 	44 	6 	19 	24 	38 	20 	26 	19 	61 	42 	70 	33 	35 	17 	30 	46 	62 	27 	56 	77 	12 	38 	62 	33 	25 	26 	11 	-1 	21 	24 	55 	21 	21 	57 	59 	41 	9 	16 	69 	17 	58 	67 	52 	42 	
77 	39 	47 	36 	63 	49 	65 	45 	52 	44 	75 	21 	88 	12 	48 	45 	26 	65 	81 	47 	15 	43 	91 	26 	54 	41 	24 	65 	44 	102 	28 	77 	99 	21 	41 	33 	21 	73 	24 	16 	45 	19 	53 	39 	71 	45 	63 	30 	56 	89 	21 	66 	70 	89 	65 	87 	54 	25 	3 	40 	29 	26 	46 	3 	74 	61 	90 	20 	37 	32 	47 	51 	79 	34 	48 	95 	32 	50 	82 	37 	27 	27 	25 	21 	-1 	45 	54 	10 	19 	66 	76 	54 	28 	37 	90 	15 	79 	84 	43 	33 	
55 	32 	61 	17 	37 	7 	58 	61 	65 	68 	41 	36 	44 	51 	43 	9 	45 	40 	50 	21 	30 	65 	48 	27 	20 	59 	39 	50 	27 	68 	54 	34 	64 	33 	4 	32 	25 	44 	47 	41 	42 	27 	65 	45 	26 	10 	37 	16 	43 	55 	52 	52 	48 	44 	32 	55 	42 	21 	43 	23 	57 	34 	6 	43 	54 	24 	49 	54 	47 	24 	20 	52 	47 	35 	72 	58 	13 	36 	38 	43 	40 	41 	24 	24 	45 	-1 	66 	44 	40 	56 	44 	36 	19 	8 	46 	38 	34 	49 	69 	61 	
50 	84 	6 	71 	48 	73 	25 	9 	2 	16 	107 	70 	91 	65 	95 	73 	29 	103 	61 	82 	52 	97 	90 	43 	85 	13 	74 	36 	85 	79 	82 	77 	79 	40 	63 	79 	54 	55 	30 	39 	92 	59 	2 	21 	81 	58 	101 	54 	100 	72 	33 	35 	45 	100 	98 	67 	32 	51 	52 	79 	82 	36 	71 	51 	45 	62 	83 	73 	88 	42 	82 	17 	113 	81 	17 	124 	57 	93 	101 	23 	77 	30 	66 	55 	54 	66 	-1 	63 	37 	30 	110 	95 	51 	63 	92 	42 	91 	115 	19 	86 	
83 	32 	57 	31 	67 	47 	72 	54 	62 	54 	69 	13 	88 	7 	39 	42 	35 	58 	85 	41 	17 	34 	91 	30 	49 	50 	15 	72 	38 	105 	19 	77 	102 	27 	41 	25 	21 	77 	33 	24 	36 	17 	62 	47 	70 	46 	56 	31 	47 	93 	31 	73 	75 	88 	59 	91 	61 	27 	11 	34 	20 	33 	44 	12 	79 	63 	92 	12 	27 	36 	42 	59 	73 	26 	58 	90 	33 	43 	79 	45 	18 	35 	21 	21 	10 	44 	63 	-1 	27 	73 	70 	46 	30 	36 	90 	22 	77 	79 	53 	24 	
60 	48 	30 	38 	47 	46 	46 	28 	35 	31 	77 	33 	79 	31 	59 	44 	8 	71 	65 	50 	16 	61 	81 	14 	55 	25 	38 	47 	51 	86 	46 	66 	83 	7 	36 	43 	20 	57 	8 	3 	56 	23 	36 	20 	63 	36 	68 	24 	65 	74 	11 	48 	52 	83 	68 	71 	36 	20 	17 	45 	47 	9 	43 	16 	56 	49 	77 	38 	51 	18 	50 	32 	83 	45 	35 	97 	27 	59 	78 	19 	41 	8 	31 	21 	19 	40 	37 	27 	-1 	47 	79 	61 	21 	34 	81 	5 	72 	87 	31 	51 	
20 	83 	30 	68 	24 	62 	5 	33 	29 	44 	95 	75 	67 	78 	95 	65 	41 	96 	33 	77 	57 	106 	65 	44 	76 	36 	80 	8 	81 	50 	91 	54 	50 	45 	54 	80 	56 	28 	44 	50 	93 	62 	28 	27 	61 	47 	93 	51 	98 	43 	51 	7 	17 	79 	88 	38 	14 	51 	63 	75 	93 	40 	62 	63 	15 	42 	56 	85 	92 	40 	76 	17 	101 	83 	46 	109 	52 	90 	83 	29 	82 	39 	67 	57 	66 	56 	30 	73 	47 	-1 	98 	91 	49 	56 	68 	51 	71 	102 	47 	97 	
92 	39 	104 	42 	77 	37 	101 	103 	108 	109 	3 	57 	55 	76 	39 	37 	86 	14 	84 	30 	65 	70 	61 	68 	25 	101 	57 	92 	32 	96 	67 	57 	90 	73 	47 	45 	60 	80 	87 	79 	40 	59 	108 	88 	44 	52 	15 	56 	30 	84 	90 	93 	88 	43 	12 	86 	85 	60 	75 	36 	71 	76 	38 	75 	93 	59 	70 	74 	53 	67 	29 	96 	3 	46 	114 	20 	53 	30 	29 	87 	55 	83 	51 	59 	76 	44 	110 	70 	79 	98 	-1 	26 	60 	47 	56 	76 	39 	9 	110 	73 	
90 	15 	89 	24 	73 	32 	93 	88 	94 	92 	26 	33 	67 	51 	14 	27 	69 	12 	85 	15 	46 	45 	73 	52 	20 	85 	32 	86 	11 	101 	41 	63 	97 	56 	37 	21 	42 	80 	69 	60 	15 	38 	94 	75 	51 	45 	11 	42 	8 	88 	71 	87 	84 	60 	18 	89 	77 	44 	53 	17 	45 	60 	30 	54 	90 	58 	79 	49 	27 	54 	16 	84 	28 	21 	97 	46 	40 	4 	46 	73 	30 	66 	31 	41 	54 	36 	95 	46 	61 	91 	26 	-1 	45 	35 	69 	57 	51 	35 	92 	47 	
54 	34 	45 	20 	38 	25 	50 	44 	49 	50 	57 	27 	60 	37 	47 	23 	26 	52 	55 	32 	13 	59 	63 	8 	35 	42 	32 	45 	34 	75 	45 	48 	72 	14 	15 	31 	9 	47 	28 	21 	44 	15 	50 	30 	43 	17 	50 	3 	50 	63 	32 	47 	47 	63 	48 	61 	35 	3 	26 	28 	48 	16 	23 	25 	52 	33 	62 	42 	44 	9 	31 	39 	63 	34 	54 	76 	6 	43 	58 	28 	34 	23 	18 	9 	28 	19 	51 	30 	21 	49 	60 	45 	-1 	13 	62 	19 	52 	66 	51 	52 	
57 	28 	57 	12 	40 	13 	58 	56 	61 	62 	45 	29 	52 	43 	40 	11 	39 	41 	55 	21 	23 	59 	55 	21 	22 	54 	32 	51 	25 	74 	47 	41 	70 	27 	5 	26 	17 	48 	41 	34 	38 	20 	61 	41 	34 	13 	38 	9 	41 	61 	45 	53 	51 	52 	35 	60 	42 	14 	35 	19 	50 	29 	10 	35 	56 	29 	56 	46 	41 	20 	20 	50 	50 	30 	67 	63 	7 	34 	45 	40 	34 	36 	17 	16 	37 	8 	63 	36 	34 	56 	47 	35 	13 	-1 	54 	31 	41 	54 	64 	54 	
52 	73 	89 	61 	45 	44 	73 	91 	91 	100 	53 	81 	2 	97 	81 	50 	82 	64 	40 	59 	75 	109 	5 	67 	50 	91 	85 	60 	66 	42 	99 	15 	37 	74 	49 	75 	70 	41 	85 	82 	81 	73 	91 	75 	20 	45 	63 	60 	77 	34 	92 	61 	52 	15 	54 	39 	61 	65 	88 	64 	102 	72 	47 	87 	56 	32 	16 	100 	89 	62 	57 	75 	58 	78 	105 	54 	58 	71 	28 	75 	85 	78 	70 	69 	90 	46 	92 	90 	81 	68 	56 	69 	62 	54 	-1 	80 	18 	54 	103 	106 	
63 	44 	35 	34 	49 	44 	50 	33 	40 	35 	74 	29 	78 	27 	55 	41 	13 	66 	67 	46 	11 	56 	80 	13 	52 	30 	33 	50 	46 	88 	41 	66 	85 	7 	34 	38 	16 	59 	12 	3 	52 	19 	41 	25 	62 	35 	64 	22 	61 	76 	14 	51 	55 	82 	64 	73 	39 	17 	13 	41 	42 	11 	41 	12 	59 	50 	78 	34 	46 	19 	47 	36 	79 	40 	40 	93 	25 	54 	76 	23 	36 	13 	26 	17 	15 	38 	42 	22 	5 	51 	76 	57 	19 	31 	80 	-1 	71 	83 	36 	47 	
60 	56 	87 	47 	47 	30 	75 	88 	89 	96 	36 	67 	16 	84 	64 	35 	76 	46 	49 	42 	64 	93 	23 	59 	33 	87 	70 	63 	49 	57 	84 	20 	52 	65 	37 	59 	58 	47 	78 	73 	64 	61 	89 	71 	10 	36 	45 	49 	59 	46 	84 	65 	57 	11 	36 	50 	61 	55 	77 	48 	87 	65 	33 	76 	61 	30 	31 	86 	73 	55 	40 	75 	41 	62 	101 	40 	47 	54 	13 	71 	70 	71 	56 	58 	79 	34 	91 	77 	72 	71 	39 	51 	52 	41 	18 	71 	-1 	38 	98 	90 	
95 	48 	110 	49 	80 	43 	105 	110 	114 	116 	10 	66 	53 	84 	48 	43 	93 	23 	85 	38 	73 	79 	59 	74 	32 	108 	66 	95 	41 	95 	76 	57 	90 	80 	53 	54 	68 	82 	94 	86 	49 	66 	114 	94 	45 	57 	24 	63 	39 	84 	98 	97 	90 	40 	20 	87 	90 	67 	83 	45 	80 	82 	44 	83 	96 	61 	69 	83 	62 	73 	37 	101 	7 	55 	121 	12 	60 	39 	26 	93 	64 	89 	59 	67 	84 	49 	115 	79 	87 	102 	9 	35 	66 	54 	54 	83 	38 	-1 	117 	82 	
66 	79 	17 	69 	61 	75 	43 	14 	19 	4 	108 	63 	102 	54 	90 	74 	25 	102 	76 	81 	47 	85 	102 	43 	86 	12 	66 	52 	82 	96 	71 	88 	95 	37 	65 	73 	51 	69 	24 	33 	87 	54 	20 	28 	88 	63 	100 	54 	96 	87 	23 	52 	61 	108 	98 	82 	45 	50 	42 	76 	71 	35 	73 	42 	61 	71 	96 	61 	80 	45 	81 	31 	114 	75 	5 	127 	57 	90 	106 	28 	70 	28 	62 	52 	43 	69 	19 	53 	31 	47 	110 	92 	51 	64 	103 	36 	98 	117 	-1 	74 	
106 	35 	80 	44 	90 	62 	96 	77 	85 	76 	73 	25 	104 	21 	34 	56 	58 	58 	107 	49 	40 	11 	108 	53 	58 	74 	21 	95 	43 	127 	7 	95 	123 	51 	58 	31 	43 	99 	57 	48 	33 	37 	86 	71 	86 	66 	58 	52 	44 	114 	53 	96 	98 	101 	64 	112 	84 	49 	35 	43 	4 	57 	59 	35 	103 	83 	110 	13 	20 	59 	51 	83 	75 	29 	79 	93 	52 	43 	89 	69 	21 	59 	37 	42 	33 	61 	86 	24 	51 	97 	73 	47 	52 	54 	106 	47 	90 	82 	74 	-1 	
